7.182118519729999662e+02
7.239848547000000281e+02
4.281756876599999941e+02
4.281756876599999941e+02
3.891387961169999699e+02
3.840038833692000253e+02
3.011549528339999711e+02
2.991287161690000289e+02
2.905301567930000601e+02
2.822019175540000333e+02
2.816927119220000009e+02
2.809257426629999941e+02
2.616271701470000153e+02
2.593473781759999497e+02
2.593473781759999497e+02
2.156880951619999962e+02
2.123731270520000010e+02
2.123821603349999521e+02
2.129435546600000180e+02
2.075934929719999786e+02
