0.01 58.7477
0.02 58.7033
0.03 56.2222
0.04 57.2491
0.05 72.723
0.06 101.258
0.07 112.471
0.08 76.2479
0.09 7.39863
0.1 -41.9546
0.11 -49.0267
0.12 -40.5211
0.13 -45.4015
0.14 -65.5455
0.15 -86.2178
0.16 -93.9407
0.17 -85.5031
0.18 -69.5121
0.19 -63.6744
0.2 -77.0699
0.21 -101.986
0.22 -124.534
0.23 -139.332
0.24 -146.804
0.25 -144.187
0.26 -130.207
0.27 -110.429
0.28 -92.0201
0.29 -73.8286
0.3 -49.6389
0.31 -21.5044
0.32 0.214733
0.33 9.16599
0.34 10.0113
0.35 12.6888
0.36 23.2963
0.37 42.4691
0.38 66.6303
0.39 91.9789
0.4 116.645
0.41 140.801
0.42 164.339
0.43 184.702
0.44 198.731
0.45 205.323
0.46 205.25
0.47 199.706
0.48 190.867
0.49 182.862
0.5 178.515
0.51 177.164
0.52 175.129
0.53 170.277
0.54 162.207
0.55 150.857
0.56 134.274
0.57 110.995
0.58 81.4268
0.59 47.6306
0.6 12.6061
0.61 -20.8538
0.62 -50.2115
0.63 -75.2609
0.64 -96.9071
0.65 -116.743
0.66 -136.041
0.67 -155.766
0.68 -176.528
0.69 -198.061
0.7 -219.993
0.71 -241.497
0.72 -261.355
0.73 -277.701
0.74 -288.3
0.75 -291.912
0.76 -288.727
0.77 -279.823
0.78 -266.762
0.79 -250.975
0.8 -233.782
0.81 -216.068
0.82 -198.059
0.83 -179.414
0.84 -159.521
0.85 -137.279
0.86 -111.325
0.87 -81.044
0.88 -46.7801
0.89 -9.59428
0.9 28.9198
0.91 67.3741
0.92 104.105
0.93 137.891
0.94 168.341
0.95 195.167
0.96 219.054
0.97 240.591
0.98 260.354
0.99 278.639
1 295.702
1.01 311.1
1.02 324.346
1.03 334.061
1.04 338.969
1.05 338.208
1.06 331.619
1.07 319.561
1.08 302.553
1.09 281.498
1.1 257.377
1.11 231.184
1.12 204.049
1.13 175.975
1.14 146.954
1.15 116.505
1.16 83.9989
1.17 49.2107
1.18 12.2421
1.19 -26.5038
1.2 -66.1522
1.21 -105.882
1.22 -144.366
1.23 -180.396
1.24 -213.124
1.25 -242.19
1.26 -267.291
1.27 -288.861
1.28 -307.175
1.29 -322.471
1.3 -335.23
1.31 -345.429
1.32 -352.858
1.33 -356.991
1.34 -357.176
1.35 -352.89
1.36 -343.764
1.37 -329.593
1.38 -310.628
1.39 -287.511
1.4 -260.833
1.41 -231.723
1.42 -200.576
1.43 -168.267
1.44 -134.904
1.45 -100.755
1.46 -65.6861
1.47 -29.6595
1.48 7.30266
1.49 44.8983
1.5 82.97
1.51 120.743
1.52 157.309
1.53 191.984
1.54 224.041
1.55 252.698
1.56 277.825
1.57 299.228
1.58 316.995
1.59 331.247
1.6 342.405
1.61 350.311
1.62 355.133
1.63 356.764
1.64 354.949
1.65 349.302
1.66 339.535
1.67 325.554
1.68 307.269
1.69 285.08
1.7 259.672
1.71 231.426
1.72 201.002
1.73 168.85
1.74 135.726
1.75 101.812
1.76 67.4035
1.77 32.5655
1.78 -2.70111
1.79 -38.1985
1.8 -73.5954
1.81 -108.6
1.82 -142.745
1.83 -175.609
1.84 -206.4
1.85 -234.458
1.86 -259.711
1.87 -281.559
1.88 -300.064
1.89 -315.177
1.9 -327.052
1.91 -335.787
1.92 -341.337
1.93 -343.764
1.94 -342.988
1.95 -338.894
1.96 -331.328
1.97 -320.311
1.98 -305.581
1.99 -287.286
2 -265.781
2.01 -241.564
2.02 -214.895
2.03 -186.357
2.04 -156.339
2.05 -124.968
2.06 -92.8904
2.07 -60.2279
2.08 -27.0823
2.09 6.43558
2.1 39.9821
2.11 73.5365
2.12 106.49
2.13 138.565
2.14 169.096
2.15 197.97
2.16 224.456
2.17 248.526
2.18 269.7
2.19 287.854
2.2 302.941
2.21 315.062
2.22 324.25
2.23 330.505
2.24 333.757
2.25 333.937
2.26 330.788
2.27 324.544
2.28 314.984
2.29 302.155
2.3 286.03
2.31 266.952
2.32 245.136
2.33 220.835
2.34 194.526
2.35 166.256
2.36 136.646
2.37 105.909
2.38 74.2389
2.39 41.7422
2.4 8.61458
2.41 -24.6746
2.42 -57.9171
2.43 -90.8657
2.44 -123.033
2.45 -154.107
2.46 -183.827
2.47 -211.724
2.48 -237.412
2.49 -260.668
2.5 -281.158
2.51 -298.967
2.52 -314.069
2.53 -326.321
2.54 -335.422
2.55 -341.328
2.56 -343.929
2.57 -343.161
2.58 -339.14
2.59 -331.701
2.6 -320.725
2.61 -306.29
2.62 -288.577
2.63 -267.783
2.64 -244.416
2.65 -218.468
2.66 -190.364
2.67 -160.24
2.68 -128.472
2.69 -95.3686
2.7 -61.1448
2.71 -26.1853
2.72 9.33863
2.73 45.0423
2.74 80.711
2.75 115.889
2.76 150.131
2.77 182.919
2.78 214.118
2.79 243.283
2.8 270.05
2.81 294.105
2.82 315.29
2.83 333.456
2.84 348.444
2.85 360.044
2.86 368.06
2.87 372.313
2.88 372.949
2.89 369.729
2.9 362.654
2.91 351.861
2.92 337.157
2.93 318.725
2.94 296.958
2.95 271.988
2.96 243.924
2.97 213.294
2.98 180.261
2.99 145.136
3 108.246
3.01 70.0264
3.02 30.6666
3.03 -9.18882
3.04 -49.304
3.05 -89.3811
3.06 -128.797
3.07 -167.079
3.08 -203.912
3.09 -238.676
3.1 -271.153
3.11 -300.954
3.12 -327.713
3.13 -351.063
3.14 -370.937
3.15 -387.143
3.16 -399.245
3.17 -407.159
3.18 -410.868
3.19 -410.369
3.2 -405.395
3.21 -396.171
3.22 -382.429
3.23 -364.445
3.24 -342.281
3.25 -316.522
3.26 -287.269
3.27 -254.611
3.28 -219.105
3.29 -180.988
3.3 -140.821
3.31 -98.7778
3.32 -55.6232
3.33 -11.5811
3.34 32.8057
3.35 77.2386
3.36 121.081
3.37 164.031
3.38 205.287
3.39 244.37
3.4 281.045
3.41 314.943
3.42 345.648
3.43 372.643
3.44 395.72
3.45 414.427
3.46 428.844
3.47 438.755
3.48 444.034
3.49 444.435
3.5 439.906
3.51 430.365
3.52 416.253
3.53 397.397
3.54 374.212
3.55 346.602
3.56 315.146
3.57 280.155
3.58 242.017
3.59 201.051
3.6 157.641
3.61 112.439
3.62 65.9361
3.63 18.6257
3.64 -29.2764
3.65 -77.1611
3.66 -124.291
3.67 -170.094
3.68 -214.107
3.69 -255.911
3.7 -295.121
3.71 -331.217
3.72 -363.71
3.73 -392.076
3.74 -416.116
3.75 -435.844
3.76 -450.695
3.77 -460.746
3.78 -465.606
3.79 -465.383
3.8 -459.9
3.81 -449.404
3.82 -433.878
3.83 -413.609
3.84 -388.71
3.85 -359.305
3.86 -325.952
3.87 -288.787
3.88 -248.543
3.89 -205.514
3.9 -160.172
3.91 -112.791
3.92 -64.1809
3.93 -14.8087
3.94 34.6796
3.95 83.8431
3.96 132.129
3.97 179.081
3.98 224.053
3.99 266.575
4 306.12
4.01 342.289
4.02 374.721
4.03 402.846
4.04 426.6
4.05 445.543
4.06 459.667
4.07 468.58
4.08 472.308
4.09 470.737
4.1 463.87
4.11 452.011
4.12 435.142
4.13 413.523
4.14 387.116
4.15 356.504
4.16 321.822
4.17 283.766
4.18 242.631
4.19 198.774
4.2 152.714
4.21 104.96
4.22 56.0943
4.23 6.77392
4.24 -42.682
4.25 -91.5561
4.26 -139.217
4.27 -185.431
4.28 -229.515
4.29 -271.019
4.3 -309.408
4.31 -344.186
4.32 -375.045
4.33 -401.815
4.34 -424.186
4.35 -441.728
4.36 -454.254
4.37 -461.741
4.38 -464.094
4.39 -461.348
4.4 -453.544
4.41 -440.643
4.42 -422.827
4.43 -400.494
4.44 -373.676
4.45 -342.925
4.46 -308.29
4.47 -270.403
4.48 -229.599
4.49 -186.349
4.5 -141.205
4.51 -94.712
4.52 -47.0974
4.53 0.72477
4.54 48.5311
4.55 95.4675
4.56 141.323
4.57 185.408
4.58 227.312
4.59 266.622
4.6 302.837
4.61 335.614
4.62 364.573
4.63 389.392
4.64 409.71
4.65 425.525
4.66 436.657
4.67 443.018
4.68 444.244
4.69 440.639
4.7 432.04
4.71 418.97
4.72 401.562
4.73 379.611
4.74 353.428
4.75 323.521
4.76 290.103
4.77 253.858
4.78 214.982
4.79 173.887
4.8 130.828
4.81 86.598
4.82 41.6024
4.83 -3.59791
4.84 -48.485
4.85 -92.8118
4.86 -135.895
4.87 -177.315
4.88 -216.616
4.89 -253.352
4.9 -287.167
4.91 -317.637
4.92 -344.663
4.93 -367.673
4.94 -386.504
4.95 -401.151
4.96 -411.378
4.97 -417.022
4.98 -417.942
4.99 -414.437
5 -406.386
5.01 -393.988
5.02 -377.367
5.03 -356.606
5.04 -332.106
5.05 -304.021
5.06 -272.94
5.07 -238.843
5.08 -202.35
5.09 -163.932
5.1 -123.956
5.11 -82.7054
5.12 -40.6907
5.13 1.57112
5.14 43.4551
5.15 84.5982
5.16 124.716
5.17 163.327
5.18 199.996
5.19 234.292
5.2 265.863
5.21 294.377
5.22 319.574
5.23 341.382
5.24 359.196
5.25 373.135
5.26 382.885
5.27 388.451
5.28 389.854
5.29 386.972
5.3 379.968
5.31 368.96
5.32 353.875
5.33 335.04
5.34 312.687
5.35 287.125
5.36 258.775
5.37 227.7
5.38 194.086
5.39 158.436
5.4 121.431
5.41 83.2552
5.42 44.5427
5.43 5.36315
5.44 -33.8045
5.45 -72.4691
5.46 -110.083
5.47 -146.261
5.48 -180.678
5.49 -213.011
5.5 -243.018
5.51 -270.249
5.52 -294.553
5.53 -315.447
5.54 -332.805
5.55 -346.544
5.56 -356.579
5.57 -362.596
5.58 -364.724
5.59 -362.97
5.6 -357.239
5.61 -347.65
5.62 -334.368
5.63 -317.691
5.64 -297.554
5.65 -274.306
5.66 -248.292
5.67 -219.495
5.68 -188.626
5.69 -155.863
5.7 -121.33
5.71 -85.7372
5.72 -49.238
5.73 -12.4916
5.74 24.2002
5.75 60.4617
5.76 96.041
5.77 130.471
5.78 163.31
5.79 194.204
5.8 222.829
5.81 249.079
5.82 272.674
5.83 293.255
5.84 310.567
5.85 324.319
5.86 334.622
5.87 341.344
5.88 344.263
5.89 343.433
5.9 338.796
5.91 330.554
5.92 318.866
5.93 303.802
5.94 285.457
5.95 264.165
5.96 239.927
5.97 213.242
5.98 184.37
5.99 153.588
6 121.284
6.01 87.5747
6.02 52.9068
6.03 17.8282
6.04 -17.1314
6.05 -51.8854
6.06 -85.9938
6.07 -119.168
6.08 -150.927
6.09 -180.862
6.1 -208.713
6.11 -234.252
6.12 -257.178
6.13 -277.387
6.14 -294.54
6.15 -308.347
6.16 -318.679
6.17 -325.486
6.18 -328.685
6.19 -328.457
6.2 -324.637
6.21 -317.185
6.22 -306.21
6.23 -291.938
6.24 -274.581
6.25 -254.43
6.26 -231.374
6.27 -205.978
6.28 -178.208
6.29 -148.496
6.3 -117.305
6.31 -84.9226
6.32 -51.7306
6.33 -17.8646
6.34 16.1051
6.35 49.802
6.36 82.7729
6.37 114.685
6.38 145.275
6.39 174.337
6.4 201.405
6.41 226.164
6.42 248.28
6.43 267.756
6.44 284.192
6.45 297.549
6.46 307.422
6.47 313.87
6.48 316.913
6.49 316.445
6.5 312.316
6.51 304.789
6.52 293.867
6.53 279.758
6.54 262.615
6.55 242.657
6.56 219.926
6.57 194.734
6.58 167.643
6.59 138.714
6.6 108.275
6.61 76.458
6.62 43.9657
6.63 11.0376
6.64 -21.9853
6.65 -54.5757
6.66 -86.5288
6.67 -117.503
6.68 -147.032
6.69 -174.807
6.7 -200.556
6.71 -224.072
6.72 -245.084
6.73 -263.153
6.74 -278.329
6.75 -290.394
6.76 -299.107
6.77 -304.644
6.78 -306.532
6.79 -304.981
6.8 -299.912
6.81 -291.483
6.82 -279.847
6.83 -265.101
6.84 -247.356
6.85 -226.801
6.86 -203.814
6.87 -178.616
6.88 -151.406
6.89 -122.571
6.9 -92.2867
6.91 -61.1322
6.92 -29.4136
6.93 2.60439
6.94 34.6214
6.95 66.1849
6.96 96.9143
6.97 126.414
6.98 154.364
6.99 180.489
7 204.686
7.01 226.404
7.02 245.41
7.03 261.595
7.04 274.762
7.05 284.816
7.06 291.642
7.07 295.019
7.08 295.055
7.09 291.693
7.1 284.913
7.11 275.068
7.12 262.122
7.13 246.193
7.14 227.423
7.15 206.13
7.16 182.435
7.17 156.769
7.18 129.523
7.19 100.749
7.2 70.9354
7.21 40.1365
7.22 9.08913
7.23 -21.9013
7.24 -52.5383
7.25 -82.4995
7.26 -111.516
7.27 -139.2
7.28 -165.15
7.29 -189.116
7.3 -210.863
7.31 -230.016
7.32 -246.635
7.33 -260.432
7.34 -271.064
7.35 -278.696
7.36 -282.944
7.37 -283.794
7.38 -281.511
7.39 -275.925
7.4 -267.284
7.41 -255.502
7.42 -240.751
7.43 -223.236
7.44 -203.176
7.45 -180.965
7.46 -156.704
7.47 -130.807
7.48 -103.286
7.49 -74.5516
7.5 -45.0149
7.51 -15.162
7.52 14.6255
7.53 44.3463
7.54 73.4412
7.55 101.639
7.56 128.538
7.57 153.783
7.58 177.206
7.59 198.533
7.6 217.464
7.61 233.912
7.62 247.48
7.63 258.248
7.64 266.003
7.65 270.496
7.66 271.956
7.67 270.073
7.68 265.213
7.69 257.164
7.7 246.264
7.71 232.527
7.72 215.985
7.73 197.072
7.74 175.998
7.75 152.897
7.76 128.124
7.77 101.851
7.78 74.4666
7.79 46.1957
7.8 17.729
7.81 -11.0305
7.82 -39.6643
7.83 -67.7672
7.84 -94.9133
7.85 -120.803
7.86 -145.2
7.87 -167.885
7.88 -188.592
7.89 -207.065
7.9 -222.971
7.91 -236.188
7.92 -246.673
7.93 -254.396
7.94 -259.013
7.95 -260.58
7.96 -259.012
7.97 -254.452
7.98 -247.145
7.99 -236.823
8 -223.756
8.01 -208.002
8.02 -189.752
8.03 -169.552
8.04 -147.578
8.05 -123.841
8.06 -98.7721
8.07 -72.3518
8.08 -45.3066
8.09 -17.7482
8.1 9.66039
8.11 37.0635
8.12 64.0021
8.13 90.2265
8.14 115.296
8.15 138.853
8.16 160.643
8.17 180.556
8.18 198.299
8.19 213.743
8.2 226.625
8.21 236.821
8.22 244.272
8.23 248.724
8.24 250.461
8.25 249.22
8.26 245.03
8.27 238.098
8.28 228.25
8.29 215.849
8.3 200.791
8.31 183.546
8.32 164.057
8.33 142.918
8.34 119.954
8.35 95.7807
8.36 70.5295
8.37 44.4634
8.38 17.9767
8.39 -8.56186
8.4 -34.9385
8.41 -61.0765
8.42 -86.3362
8.43 -110.6
8.44 -133.48
8.45 -154.726
8.46 -174.12
8.47 -191.5
8.48 -206.724
8.49 -219.231
8.5 -229.239
8.51 -236.624
8.52 -241.221
8.53 -243.015
8.54 -241.886
8.55 -238.01
8.56 -231.493
8.57 -222.181
8.58 -210.259
8.59 -195.951
8.6 -179.238
8.61 -160.663
8.62 -140.256
8.63 -118.117
8.64 -94.611
8.65 -70.0927
8.66 -44.8398
8.67 -19.1543
8.68 6.64496
8.69 32.586
8.7 58.0056
8.71 82.6991
8.72 106.362
8.73 128.724
8.74 149.627
8.75 168.93
8.76 186.168
8.77 201.091
8.78 213.643
8.79 223.841
8.8 231.488
8.81 236.325
8.82 238.314
8.83 237.562
8.84 234.228
8.85 228.221
8.86 219.487
8.87 208.209
8.88 194.369
8.89 178.388
8.9 160.571
8.91 140.741
8.92 119.3
8.93 96.4843
8.94 72.4413
8.95 47.7261
8.96 22.3468
8.97 -3.09828
8.98 -28.5499
8.99 -53.6547
9 -78.2009
9.01 -101.845
9.02 -124.327
9.03 -145.303
9.04 -164.508
9.05 -181.784
9.06 -197.168
9.07 -210.185
9.08 -220.932
9.09 -228.913
9.1 -234.235
9.11 -236.956
9.12 -237.004
9.13 -234.266
9.14 -228.862
9.15 -220.731
9.16 -210.042
9.17 -196.971
9.18 -181.757
9.19 -164.244
9.2 -144.789
9.21 -123.813
9.22 -101.418
9.23 -77.9235
9.24 -53.5053
9.25 -28.237
9.26 -2.79809
9.27 22.6157
9.28 47.7912
9.29 72.4943
9.3 96.5156
9.31 119.426
9.32 140.885
9.33 160.675
9.34 178.707
9.35 194.799
9.36 208.666
9.37 219.938
9.38 228.853
9.39 235.052
9.4 238.536
9.41 239.419
9.42 237.576
9.43 233.051
9.44 225.781
9.45 215.863
9.46 203.455
9.47 188.778
9.48 172.129
9.49 153.302
9.5 132.533
9.51 110.23
9.52 86.6318
9.53 62.1717
9.54 37.0068
9.55 11.3885
9.56 -14.5898
9.57 -40.3306
9.58 -65.65
9.59 -90.2088
9.6 -113.704
9.61 -136.006
9.62 -156.871
9.63 -176.048
9.64 -193.306
9.65 -208.172
9.66 -220.727
9.67 -230.793
9.68 -238.231
9.69 -243.01
9.7 -244.952
9.71 -244.062
9.72 -240.425
9.73 -234.147
9.74 -225.155
9.75 -213.524
9.76 -199.426
9.77 -183.08
9.78 -164.809
9.79 -144.479
9.8 -122.339
9.81 -98.7513
9.82 -74.0629
9.83 -48.4628
9.84 -22.2617
9.85 4.26139
9.86 30.7015
9.87 56.9746
9.88 82.5896
9.89 107.243
9.9 130.801
9.91 152.854
9.92 173.21
9.93 191.724
9.94 208.126
9.95 222.169
9.96 233.676
9.97 242.649
9.98 248.882
9.99 252.171
10 252.701
10.01 250.299
10.02 245.245
10.03 237.144
10.04 226.353
10.05 212.943
10.06 197.119
10.07 179.197
10.08 159.073
10.09 137.064
10.1 113.4
10.11 88.4874
10.12 62.5901
10.13 35.8901
10.14 8.55919
10.15 -18.9879
10.16 -46.3367
10.17 -73.1445
10.18 -99.0149
10.19 -123.996
10.2 -147.755
10.21 -169.922
10.22 -190.13
10.23 -208.162
10.24 -223.811
10.25 -236.963
10.26 -247.579
10.27 -255.552
10.28 -260.49
10.29 -262.476
10.3 -261.435
10.31 -257.477
10.32 -250.572
10.33 -240.921
10.34 -228.467
10.35 -213.339
10.36 -195.729
10.37 -175.849
10.38 -153.944
10.39 -130.27
10.4 -105.165
10.41 -78.6762
10.42 -51.18
10.43 -23.0102
10.44 5.37205
10.45 33.8291
10.46 61.8807
10.47 89.3138
10.48 115.891
10.49 141.239
10.5 165.036
10.51 186.979
10.52 206.828
10.53 224.431
10.54 239.489
10.55 251.922
10.56 261.589
10.57 268.395
10.58 272.053
10.59 272.556
10.6 269.956
10.61 264.401
10.62 256.033
10.63 244.715
10.64 230.28
10.65 213.191
10.66 193.737
10.67 172.234
10.68 148.756
10.69 123.492
10.7 96.5928
10.71 68.4905
10.72 39.6785
10.73 10.51
10.74 -18.9512
10.75 -48.236
10.76 -77.2453
10.77 -105.514
10.78 -132.621
10.79 -158.071
10.8 -181.773
10.81 -203.569
10.82 -223.224
10.83 -240.408
10.84 -254.94
10.85 -266.415
10.86 -274.899
10.87 -280.315
10.88 -282.742
10.89 -281.91
10.9 -278.015
10.91 -270.815
10.92 -260.591
10.93 -247.269
10.94 -231.244
10.95 -212.553
10.96 -191.434
10.97 -168.112
10.98 -142.77
10.99 -115.681
11 -87.3463
11.01 -58.0837
11.02 -28.0867
11.03 2.43422
11.04 33.0154
11.05 63.1439
11.06 92.643
11.07 121.168
11.08 148.431
11.09 174.112
11.1 197.888
11.11 219.437
11.12 238.607
11.13 255.035
11.14 268.702
11.15 279.35
11.16 286.81
11.17 290.952
11.18 291.923
11.19 289.652
11.2 284.198
11.21 275.442
11.22 263.552
11.23 248.469
11.24 230.771
11.25 210.546
11.26 187.886
11.27 162.949
11.28 136.042
11.29 107.534
11.3 78.0211
11.31 47.5137
11.32 16.3519
11.33 -15.0872
11.34 -46.4439
11.35 -77.3145
11.36 -107.276
11.37 -136.045
11.38 -163.46
11.39 -189.121
11.4 -212.657
11.41 -233.802
11.42 -252.392
11.43 -267.947
11.44 -280.649
11.45 -290.334
11.46 -296.662
11.47 -299.669
11.48 -299.348
11.49 -295.541
11.5 -288.516
11.51 -278.231
11.52 -264.886
11.53 -248.496
11.54 -229.13
11.55 -207.243
11.56 -182.965
11.57 -156.642
11.58 -128.548
11.59 -98.9982
11.6 -68.1284
11.61 -36.6085
11.62 -4.54111
11.63 27.4596
11.64 59.2717
11.65 90.5518
11.66 120.721
11.67 149.696
11.68 176.993
11.69 202.316
11.7 225.377
11.71 245.958
11.72 263.856
11.73 278.757
11.74 290.538
11.75 299.019
11.76 304.174
11.77 305.997
11.78 304.385
11.79 299.269
11.8 290.857
11.81 279.268
11.82 264.402
11.83 246.682
11.84 226.13
11.85 202.833
11.86 177.385
11.87 149.966
11.88 120.798
11.89 90.2402
11.9 58.6123
11.91 26.2801
11.92 -6.39939
11.93 -38.8404
11.94 -71.0375
11.95 -102.338
11.96 -132.6
11.97 -161.492
11.98 -188.581
11.99 -213.567
12 -236.138
12.01 -256.114
12.02 -273.203
12.03 -287.268
12.04 -298.185
12.05 -305.714
12.06 -309.812
12.07 -310.368
12.08 -307.464
12.09 -301.229
12.1 -291.64
12.11 -278.759
12.12 -262.798
12.13 -243.688
12.14 -221.965
12.15 -197.766
12.16 -171.2
12.17 -142.795
12.18 -112.864
12.19 -81.5712
12.2 -49.32
12.21 -16.4224
12.22 16.4863
12.23 49.2893
12.24 81.4491
12.25 112.914
12.26 143.07
12.27 171.67
12.28 198.314
12.29 222.8
12.3 244.857
12.31 264.183
12.32 280.563
12.33 293.656
12.34 303.582
12.35 310.165
12.36 313.229
12.37 312.79
12.38 309.015
12.39 301.558
12.4 290.936
12.41 276.927
12.42 259.949
12.43 239.92
12.44 217.338
12.45 192.203
12.46 165.008
12.47 135.879
12.48 105.242
12.49 73.3217
12.5 40.7321
12.51 7.65457
12.52 -25.6254
12.53 -58.4173
12.54 -90.8208
12.55 -122.017
12.56 -152.041
12.57 -180.331
12.58 -206.62
12.59 -230.566
12.6 -251.928
12.61 -270.58
12.62 -286.119
12.63 -298.655
12.64 -307.664
12.65 -313.229
12.66 -315.389
12.67 -314.054
12.68 -309.126
12.69 -300.805
12.7 -289.226
12.71 -274.302
12.72 -256.336
12.73 -235.627
12.74 -212.117
12.75 -186.357
12.76 -158.498
12.77 -128.778
12.78 -97.6431
12.79 -65.3395
12.8 -32.4538
12.81 0.761709
12.82 34.0315
12.83 67.0405
12.84 99.3121
12.85 130.375
12.86 159.894
12.87 187.596
12.88 213.318
12.89 236.832
12.9 257.757
12.91 275.685
12.92 290.345
12.93 301.879
12.94 310.261
12.95 315.143
12.96 316.433
12.97 314.111
12.98 308.181
12.99 299.002
13 286.709
13.01 271.029
13.02 252.17
13.03 230.593
13.04 206.446
13.05 180.251
13.06 151.994
13.07 121.84
13.08 90.2797
13.09 57.7553
13.1 24.7365
13.11 -8.67672
13.12 -41.9637
13.13 -74.9189
13.14 -107.028
13.15 -137.741
13.16 -166.939
13.17 -194.319
13.18 -219.633
13.19 -242.462
13.2 -262.579
13.21 -279.692
13.22 -293.766
13.23 -304.62
13.24 -312.128
13.25 -316.067
13.26 -316.586
13.27 -313.483
13.28 -306.927
13.29 -296.865
13.3 -283.459
13.31 -266.925
13.32 -247.454
13.33 -225.349
13.34 -200.545
13.35 -173.577
13.36 -144.654
13.37 -114.132
13.38 -82.5821
13.39 -49.9568
13.4 -16.8536
13.41 16.6732
13.42 50.0801
13.43 82.706
13.44 114.381
13.45 144.853
13.46 173.712
13.47 200.699
13.48 225.436
13.49 247.576
13.5 266.894
13.51 283.273
13.52 296.591
13.53 306.578
13.54 313.056
13.55 316.167
13.56 315.797
13.57 311.835
13.58 304.458
13.59 293.616
13.6 279.453
13.61 262.185
13.62 242.155
13.63 219.274
13.64 193.893
13.65 166.459
13.66 137.174
13.67 106.464
13.68 74.5603
13.69 41.7068
13.7 8.38711
13.71 -24.9846
13.72 -57.9561
13.73 -90.4489
13.74 -121.892
13.75 -152.048
13.76 -180.481
13.77 -206.848
13.78 -230.841
13.79 -252.31
13.8 -271.031
13.81 -286.581
13.82 -298.996
13.83 -307.969
13.84 -313.623
13.85 -315.838
13.86 -314.57
13.87 -309.772
13.88 -301.38
13.89 -289.601
13.9 -274.661
13.91 -256.718
13.92 -235.904
13.93 -212.379
13.94 -186.509
13.95 -158.342
13.96 -128.647
13.97 -97.5296
13.98 -65.3918
13.99 -32.5985
14 0.594
14.01 33.8645
14.02 66.8659
14.03 98.9976
14.04 129.928
14.05 159.442
14.06 187.217
14.07 213.014
14.08 236.411
14.09 257.122
14.1 274.669
14.11 289.202
14.12 300.725
14.13 308.852
14.14 313.457
14.15 314.642
14.16 312.201
14.17 306.249
14.18 297.038
14.19 284.509
14.2 268.743
14.21 250.048
14.22 228.391
14.23 204.169
14.24 177.696
14.25 149.399
14.26 119.511
14.27 88.1094
14.28 55.7198
14.29 22.5945
14.3 -10.5474
14.31 -43.4859
14.32 -75.9239
14.33 -107.649
14.34 -138.264
14.35 -167.272
14.36 -194.316
14.37 -219.138
14.38 -241.552
14.39 -261.327
14.4 -278.053
14.41 -291.709
14.42 -302.078
14.43 -309.116
14.44 -312.66
14.45 -312.55
14.46 -309.101
14.47 -302.07
14.48 -291.858
14.49 -278.373
14.5 -261.656
14.51 -241.927
14.52 -219.529
14.53 -194.899
14.54 -167.972
14.55 -139.201
14.56 -108.852
14.57 -77.2629
14.58 -44.8001
14.59 -11.8989
14.6 21.0352
14.61 53.8215
14.62 85.9969
14.63 117.119
14.64 146.958
14.65 175.133
14.66 201.309
14.67 225.163
14.68 246.605
14.69 265.229
14.7 280.886
14.71 293.235
14.72 302.459
14.73 308.254
14.74 310.616
14.75 309.53
14.76 304.964
14.77 296.741
14.78 285.339
14.79 270.829
14.8 253.318
14.81 232.921
14.82 209.841
14.83 184.368
14.84 156.977
14.85 127.846
14.86 97.4507
14.87 65.7444
14.88 33.3089
14.89 0.543555
14.9 -32.1959
14.91 -64.3827
14.92 -96.0257
14.93 -126.602
14.94 -155.766
14.95 -183.098
14.96 -208.298
14.97 -231.105
14.98 -251.382
14.99 -268.86
15 -283.344
15.01 -294.449
15.02 -302.274
15.03 -306.827
15.04 -307.857
15.05 -305.489
15.06 -299.725
15.07 -290.521
15.08 -278.057
15.09 -262.39
15.1 -243.926
15.11 -222.718
15.12 -198.999
15.13 -173.104
15.14 -144.997
15.15 -115.448
15.16 -84.76
15.17 -53.0832
15.18 -20.9568
15.19 11.5285
15.2 43.9977
15.21 75.7983
15.22 106.733
15.23 136.44
15.24 164.595
15.25 190.88
15.26 215.078
15.27 236.826
15.28 255.829
15.29 271.953
15.3 284.979
15.31 294.806
15.32 301.344
15.33 304.442
15.34 304.149
15.35 300.401
15.36 293.266
15.37 282.983
15.38 269.55
15.39 253.062
15.4 233.632
15.41 211.377
15.42 187.065
15.43 160.624
15.44 132.474
15.45 102.748
15.46 71.7498
15.47 39.9272
15.48 7.93842
15.49 -24.0892
15.5 -55.9618
15.51 -87.1562
15.52 -117.368
15.53 -146.237
15.54 -173.409
15.55 -198.605
15.56 -221.552
15.57 -242.14
15.58 -259.788
15.59 -274.527
15.6 -286.186
15.61 -294.681
15.62 -299.796
15.63 -301.491
15.64 -299.8
15.65 -294.682
15.66 -286.392
15.67 -274.9
15.68 -260.153
15.69 -242.582
15.7 -222.312
15.71 -199.587
15.72 -174.59
15.73 -147.65
15.74 -118.946
15.75 -88.9851
15.76 -58.2088
15.77 -26.6885
15.78 5.19995
15.79 36.9759
15.8 68.2798
15.81 98.7932
15.82 128.113
15.83 155.986
15.84 182.122
15.85 206.2
15.86 227.865
15.87 247.034
15.88 263.305
15.89 276.673
15.9 286.916
15.91 293.849
15.92 297.441
15.93 297.826
15.94 294.778
15.95 288.346
15.96 278.748
15.97 265.868
15.98 250.185
15.99 231.759
16 210.702
16.01 187.04
16.02 161.485
16.03 134.011
16.04 105.271
16.05 75.3219
16.06 44.3767
16.07 12.9136
16.08 -18.6528
16.09 -49.8491
16.1 -80.4496
16.11 -110.148
16.12 -138.672
16.13 -165.669
16.14 -190.728
16.15 -213.565
16.16 -233.838
16.17 -251.605
16.18 -266.486
16.19 -278.472
16.2 -287.187
16.21 -292.689
16.22 -294.847
16.23 -293.73
16.24 -289.286
16.25 -281.57
16.26 -270.798
16.27 -256.842
16.28 -240.106
16.29 -220.612
16.3 -198.442
16.31 -174.171
16.32 -148.115
16.33 -120.238
16.34 -91.1244
16.35 -61.0353
16.36 -30.0479
16.37 1.08122
16.38 32.1704
16.39 62.8475
16.4 92.7351
16.41 121.642
16.42 149.256
16.43 175.194
16.44 199.068
16.45 220.532
16.46 239.547
16.47 255.93
16.48 269.413
16.49 279.956
16.5 287.198
16.51 291.135
16.52 291.814
16.53 289.297
16.54 283.507
16.55 274.479
16.56 262.407
16.57 247.181
16.58 229.322
16.59 208.812
16.6 186.084
16.61 161.216
16.62 134.61
16.63 106.409
16.64 76.9973
16.65 46.8188
16.66 16.0777
16.67 -14.6978
16.68 -45.441
16.69 -75.6431
16.7 -105.092
16.71 -133.259
16.72 -159.828
16.73 -184.572
16.74 -207.228
16.75 -227.569
16.76 -245.339
16.77 -260.361
16.78 -272.347
16.79 -281.24
16.8 -286.927
16.81 -289.532
16.82 -288.762
16.83 -284.765
16.84 -277.491
16.85 -267.185
16.86 -253.729
16.87 -237.551
16.88 -218.576
16.89 -197.269
16.9 -173.6
16.91 -148.058
16.92 -120.885
16.93 -92.355
16.94 -62.6309
16.95 -32.4012
16.96 -1.72339
16.97 28.8241
16.98 59.1169
16.99 88.6985
17 117.361
17.01 144.66
17.02 170.255
17.03 193.928
17.04 215.487
17.05 234.535
17.06 250.898
17.07 264.482
17.08 275.076
17.09 282.453
17.1 286.688
17.11 287.667
17.12 285.452
17.13 279.848
17.14 271.319
17.15 259.594
17.16 244.968
17.17 227.72
17.18 207.718
17.19 185.448
17.2 161.078
17.21 134.867
17.22 107.173
17.23 78.2737
17.24 48.4666
17.25 18.1323
17.26 -12.459
17.27 -42.8509
17.28 -72.7126
17.29 -101.805
17.3 -129.679
17.31 -156.098
17.32 -180.714
17.33 -203.285
17.34 -223.609
17.35 -241.528
17.36 -256.555
17.37 -268.554
17.38 -277.655
17.39 -283.617
17.4 -286.387
17.41 -285.892
17.42 -282.14
17.43 -275.13
17.44 -265.041
17.45 -252.132
17.46 -236.245
17.47 -217.677
17.48 -196.776
17.49 -173.495
17.5 -148.335
17.51 -121.556
17.52 -93.2784
17.53 -63.9099
17.54 -33.912
17.55 -3.5962
17.56 26.7938
17.57 56.8877
17.58 86.4037
17.59 114.924
17.6 142.014
17.61 167.445
17.62 191.074
17.63 212.635
17.64 231.745
17.65 248.302
17.66 261.908
17.67 272.633
17.68 280.188
17.69 284.554
17.7 285.855
17.71 283.842
17.72 278.662
17.73 270.229
17.74 258.672
17.75 244.22
17.76 227.237
17.77 207.614
17.78 185.584
17.79 161.476
17.8 135.473
17.81 108.037
17.82 79.2965
17.83 49.7213
17.84 19.5901
17.85 -10.894
17.86 -41.1846
17.87 -71.0354
17.88 -100.051
17.89 -127.902
17.9 -154.281
17.91 -178.956
17.92 -201.61
17.93 -221.997
17.94 -239.695
17.95 -254.871
17.96 -267.15
17.97 -276.407
17.98 -282.574
17.99 -285.499
18 -285.186
18.01 -281.564
18.02 -274.876
18.03 -265.075
18.04 -252.228
18.05 -236.454
18.06 -217.957
18.07 -197.153
18.08 -174.041
18.09 -149.082
18.1 -122.352
18.11 -94.2672
18.12 -65.1433
18.13 -35.2272
18.14 -5.00989
18.15 25.4785
18.16 55.6382
18.17 85.0344
18.18 113.599
18.19 140.821
18.2 166.458
18.21 190.214
18.22 211.785
18.23 230.974
18.24 247.517
18.25 261.203
18.26 272.041
18.27 279.819
18.28 284.394
18.29 285.893
18.3 284.045
18.31 278.9
18.32 270.728
18.33 259.528
18.34 245.357
18.35 228.301
18.36 208.57
18.37 186.605
18.38 162.471
18.39 136.666
18.4 109.233
18.41 80.5382
18.42 51.0251
18.43 20.8523
18.44 -9.59152
18.45 -39.8851
18.46 -69.8198
18.47 -98.8883
18.48 -126.807
18.49 -153.363
18.5 -178.244
18.51 -201.147
18.52 -221.753
18.53 -239.751
18.54 -254.969
18.55 -267.381
18.56 -276.71
18.57 -283
18.58 -286.159
18.59 -286.045
18.6 -282.596
18.61 -276.025
18.62 -266.183
18.63 -253.511
18.64 -238.042
18.65 -219.831
18.66 -199.089
18.67 -175.838
18.68 -150.627
18.69 -123.949
18.7 -96.0304
18.71 -66.8634
18.72 -36.858
18.73 -6.31611
18.74 24.3088
18.75 54.4433
18.76 83.9921
18.77 112.53
18.78 139.934
18.79 165.77
18.8 189.741
18.81 211.557
18.82 231.017
18.83 247.891
18.84 261.807
18.85 272.752
18.86 280.709
18.87 285.619
18.88 287.294
18.89 285.672
18.9 280.612
18.91 272.422
18.92 261.268
18.93 247.319
18.94 230.555
18.95 211.023
18.96 189.013
18.97 164.903
18.98 139.098
18.99 111.646
19 82.899
19.01 53.1462
19.02 22.6993
19.03 -7.85296
19.04 -38.3312
19.05 -68.3539
19.06 -97.6865
19.07 -125.993
19.08 -152.744
19.09 -177.706
19.1 -200.697
19.11 -221.531
19.12 -239.927
19.13 -255.694
19.14 -268.398
19.15 -277.991
19.16 -284.495
19.17 -287.803
19.18 -288.047
19.19 -284.945
19.2 -278.472
19.21 -268.862
19.22 -256.232
19.23 -240.682
19.24 -222.579
19.25 -201.884
19.26 -178.82
19.27 -153.835
19.28 -126.939
19.29 -98.785
19.3 -69.4424
19.31 -39.4717
19.32 -8.92899
19.33 21.8489
19.34 52.3803
19.35 82.2774
19.36 111.187
19.37 138.872
19.38 165.034
19.39 189.34
19.4 211.481
19.41 231.245
19.42 248.289
19.43 262.687
19.44 274.081
19.45 282.402
19.46 287.459
19.47 289.366
19.48 287.922
19.49 283.334
19.5 275.625
19.51 264.684
19.52 250.544
19.53 233.731
19.54 214.354
19.55 192.585
19.56 168.586
19.57 142.56
19.58 114.948
19.59 86.1398
19.6 56.4426
19.61 26.0184
19.62 -4.79563
19.63 -35.6339
19.64 -65.9755
19.65 -95.5648
19.66 -124.068
19.67 -151.319
19.68 -176.855
19.69 -200.339
19.7 -221.44
19.71 -240.114
19.72 -256.091
19.73 -269.145
19.74 -279.291
19.75 -286.162
19.76 -289.873
19.77 -290.335
19.78 -287.565
19.79 -281.449
19.8 -272.228
19.81 -259.958
19.82 -244.658
19.83 -226.706
19.84 -206.127
19.85 -183.16
19.86 -158.092
19.87 -131.196
19.88 -102.89
19.89 -73.4912
19.9 -43.3914
19.91 -12.5172
19.92 18.4717
19.93 49.1607
19.94 79.3036
19.95 108.501
19.96 136.533
19.97 163.113
19.98 187.877
19.99 210.489
20 230.739
20.01 248.432
20.02 263.287
20.03 275.068
20.04 283.894
20.05 289.469
20.06 291.739
20.07 290.713
20.08 286.465
20.09 279.076
20.1 268.369
20.11 254.743
20.12 238.131
20.13 219.019
20.14 197.464
20.15 173.601
20.16 147.634
20.17 119.894
20.18 91.0333
20.19 61.0994
20.2 30.5519
20.21 -0.546953
20.22 -31.6295
20.23 -62.2728
20.24 -92.2556
20.25 -121.087
20.26 -148.616
20.27 -174.514
20.28 -198.455
20.29 -220.234
20.3 -239.403
20.31 -256.12
20.32 -269.686
20.33 -280.416
20.34 -287.894
20.35 -292.055
20.36 -293.025
20.37 -290.733
20.38 -285.111
20.39 -276.189
20.4 -264.086
20.41 -249.176
20.42 -231.557
20.43 -211.194
20.44 -188.436
20.45 -163.458
20.46 -136.697
20.47 -108.566
20.48 -79.1891
20.49 -48.6341
20.5 -17.6767
20.51 13.5554
20.52 44.5262
20.53 75.1114
20.54 104.777
20.55 133.254
20.56 160.286
20.57 185.491
20.58 208.614
20.59 229.361
20.6 247.654
20.61 263.008
20.62 275.471
20.63 284.871
20.64 291.02
20.65 293.998
20.66 293.631
20.67 289.922
20.68 282.835
20.69 272.542
20.7 259.363
20.71 243.19
20.72 224.417
20.73 203.051
20.74 179.175
20.75 153.382
20.76 126.02
20.77 97.2195
20.78 67.2881
20.79 36.442
20.8 5.14302
20.81 -26.203
20.82 -57.1268
20.83 -87.4324
20.84 -116.884
20.85 -145.015
20.86 -171.44
20.87 -195.846
20.88 -218.087
20.89 -237.891
20.9 -255.051
20.91 -269.517
20.92 -280.738
20.93 -288.907
20.94 -293.757
20.95 -295.428
20.96 -293.679
20.97 -288.673
20.98 -280.353
20.99 -268.839
21 -254.425
21.01 -236.985
21.02 -216.945
21.03 -194.308
21.04 -169.656
21.05 -143.133
21.06 -114.94
21.07 -85.5543
21.08 -55.0009
21.09 -23.8839
21.1 7.46616
21.11 38.7633
21.12 69.5997
21.13 99.7069
21.14 128.683
21.15 156.245
21.16 182.032
21.17 205.738
21.18 227.193
21.19 245.976
21.2 262.109
21.21 275.225
21.22 285.379
21.23 292.233
21.24 295.717
21.25 295.983
21.26 292.982
21.27 286.526
21.28 277.04
21.29 264.23
21.3 248.445
21.31 230.061
21.32 208.975
21.33 185.596
21.34 159.923
21.35 132.68
21.36 103.764
21.37 73.8352
21.38 43.0285
21.39 11.7317
21.4 -19.8761
21.41 -51.1972
21.42 -81.7655
21.43 -111.559
21.44 -140.064
21.45 -167.053
21.46 -192.187
21.47 -215.085
21.48 -235.499
21.49 -253.378
21.5 -268.495
21.51 -280.508
21.52 -289.294
21.53 -294.883
21.54 -297.181
21.55 -296.17
21.56 -291.837
21.57 -284.116
21.58 -273.165
21.59 -259.17
21.6 -242.299
21.61 -222.834
21.62 -200.669
21.63 -176.275
21.64 -149.705
21.65 -121.734
21.66 -92.4147
21.67 -62.0514
21.68 -30.8191
21.69 0.698718
21.7 32.3364
21.71 63.3638
21.72 93.827
21.73 123.259
21.74 151.283
21.75 177.576
21.76 201.859
21.77 223.959
21.78 243.572
21.79 260.395
21.8 274.141
21.81 284.883
21.82 292.492
21.83 296.801
21.84 297.865
21.85 295.396
21.86 289.642
21.87 280.681
21.88 268.653
21.89 253.605
21.9 235.612
21.91 215.01
21.92 191.82
21.93 166.596
21.94 139.353
21.95 110.762
21.96 80.8425
21.97 50.0951
21.98 18.6293
21.99 -13.1097
22 -44.5832
22.01 -75.5563
22.02 -105.53
22.03 -134.401
22.04 -161.859
22.05 -187.566
22.06 -211.165
22.07 -232.396
22.08 -250.888
22.09 -266.557
22.1 -279.206
22.11 -288.885
22.12 -295.352
22.13 -298.248
22.14 -297.83
22.15 -293.956
22.16 -286.954
22.17 -276.817
22.18 -263.559
22.19 -247.229
22.2 -228.179
22.21 -206.463
22.22 -182.463
22.23 -156.526
22.24 -128.767
22.25 -99.5812
22.26 -69.0845
22.27 -37.953
22.28 -6.17237
22.29 25.4819
22.3 56.7432
22.31 87.4079
22.32 117.21
22.33 145.645
22.34 172.411
22.35 197.213
22.36 219.776
22.37 239.894
22.38 257.387
22.39 272.06
22.4 283.694
22.41 291.939
22.42 296.948
22.43 298.625
22.44 296.994
22.45 292.109
22.46 283.886
22.47 272.389
22.48 257.786
22.49 240.343
22.5 220.284
22.51 197.742
22.52 173.004
22.53 146.067
22.54 117.536
22.55 87.8873
22.56 57.1501
22.57 25.8431
22.58 -5.9179
22.59 -37.567
22.6 -68.7261
22.61 -99.0717
22.62 -128.332
22.63 -156.243
22.64 -182.43
22.65 -206.478
22.66 -228.176
22.67 -247.286
22.68 -263.812
22.69 -277.287
22.7 -287.555
22.71 -294.572
22.72 -298.22
22.73 -298.674
22.74 -295.704
22.75 -289.463
22.76 -279.757
22.77 -267.035
22.78 -251.399
22.79 -232.981
22.8 -211.989
22.81 -188.333
22.82 -162.507
22.83 -135.062
22.84 -106.148
22.85 -76.1682
22.86 -45.1486
22.87 -13.3904
22.88 18.5347
22.89 50.0391
22.9 80.8158
22.91 110.64
22.92 139.411
22.93 166.765
22.94 192.202
22.95 215.3
22.96 235.813
22.97 253.831
22.98 269.154
22.99 281.474
23 290.597
23.01 296.304
23.02 298.763
23.03 297.916
23.04 293.645
23.05 285.957
23.06 275.102
23.07 261.186
23.08 244.404
23.09 224.848
23.1 202.661
23.11 178.172
23.12 151.913
23.13 123.997
23.14 94.6696
23.15 64.1418
23.16 32.778
23.17 1.1091
23.18 -30.5491
23.19 -61.8365
23.2 -92.4046
23.21 -122.159
23.22 -150.491
23.23 -177.018
23.24 -201.419
23.25 -223.49
23.26 -243.152
23.27 -260.162
23.28 -274.192
23.29 -285.199
23.3 -292.88
23.31 -297.51
23.32 -298.662
23.33 -296.311
23.34 -290.807
23.35 -282.049
23.36 -269.999
23.37 -254.952
23.38 -236.911
23.39 -216.183
23.4 -193.115
23.41 -167.929
23.42 -140.928
23.43 -112.268
23.44 -82.399
23.45 -51.6949
23.46 -20.1569
23.47 11.4791
23.48 42.8891
23.49 73.9605
23.5 104.219
23.51 133.326
23.52 160.897
23.53 186.602
23.54 210.148
23.55 231.372
23.56 249.993
23.57 265.811
23.58 278.558
23.59 288.292
23.6 294.719
23.61 297.813
23.62 297.7
23.63 294.15
23.64 287.242
23.65 277.209
23.66 264.036
23.67 247.735
23.68 228.755
23.69 207.178
23.7 183.247
23.71 157.248
23.72 129.576
23.73 100.488
23.74 70.1607
23.75 39.1665
23.76 7.75943
23.77 -23.9236
23.78 -55.1715
23.79 -85.9564
23.8 -115.681
23.81 -144.176
23.82 -171.038
23.83 -195.937
23.84 -218.6
23.85 -238.787
23.86 -256.224
23.87 -270.818
23.88 -282.482
23.89 -290.849
23.9 -295.853
23.91 -297.665
23.92 -296.227
23.93 -291.431
23.94 -283.395
23.95 -271.912
23.96 -257.466
23.97 -240.214
23.98 -220.183
23.99 -197.715
24 -172.887
24.01 -146.195
24.02 -117.867
24.03 -88.1735
24.04 -57.6288
24.05 -26.5396
24.06 4.94457
24.07 36.3663
24.08 67.4724
24.09 97.8688
24.1 127.123
24.11 154.803
24.12 180.768
24.13 204.785
24.14 226.529
24.15 245.716
24.16 262.225
24.17 275.581
24.18 285.722
24.19 292.608
24.2 296.425
24.21 297.11
24.22 294.18
24.23 288.028
24.24 278.398
24.25 265.812
24.26 250.261
24.27 232.106
24.28 211.248
24.29 187.839
24.3 162.217
24.31 134.759
24.32 105.94
24.33 76.1649
24.34 45.3452
24.35 13.9158
24.36 -17.6622
24.37 -49.1772
24.38 -79.8351
24.39 -109.503
24.4 -138.05
24.41 -165.167
24.42 -190.45
24.43 -213.522
24.44 -234.287
24.45 -252.175
24.46 -267.235
24.47 -279.433
24.48 -288.548
24.49 -294.327
24.5 -296.818
24.51 -295.783
24.52 -291.479
24.53 -283.94
24.54 -273.383
24.55 -259.584
24.56 -242.917
24.57 -223.471
24.58 -201.376
24.59 -177.178
24.6 -151.001
24.61 -123.195
24.62 -93.9831
24.63 -63.5017
24.64 -32.35
24.65 -0.921618
24.66 30.4405
24.67 61.4022
24.68 91.8006
24.69 121.188
24.7 149.24
24.71 175.522
24.72 199.753
24.73 221.715
24.74 241.29
24.75 258.168
24.76 272.09
24.77 282.922
24.78 290.699
24.79 295.14
24.8 296.126
24.81 293.908
24.82 288.284
24.83 279.43
24.84 267.624
24.85 252.631
24.86 234.805
24.87 214.19
24.88 191.383
24.89 166.461
24.9 139.592
24.91 111.158
24.92 81.46
24.93 50.8203
24.94 19.6818
24.95 -11.6686
24.96 -42.9652
24.97 -73.7935
24.98 -103.767
24.99 -132.531
25 -159.798
25.01 -185.308
25.02 -208.775
25.03 -229.864
25.04 -248.295
25.05 -263.906
25.06 -276.525
25.07 -286.074
25.08 -292.456
25.09 -295.488
25.1 -295.167
25.11 -291.532
25.12 -284.549
25.13 -274.375
25.14 -261.301
25.15 -245.177
25.16 -226.383
25.17 -204.852
25.18 -181.099
25.19 -155.291
25.2 -127.715
25.21 -98.8875
25.22 -68.7799
25.23 -37.8052
25.24 -6.56148
25.25 24.74
25.26 55.8066
25.27 86.2688
25.28 115.704
25.29 143.847
25.3 170.332
25.31 194.892
25.32 217.297
25.33 237.349
25.34 254.606
25.35 268.958
25.36 280.278
25.37 288.519
25.38 293.603
25.39 295.237
25.4 293.556
25.41 288.595
25.42 280.33
25.43 269.045
25.44 254.594
25.45 237.222
25.46 217.303
25.47 194.884
25.48 170.431
25.49 143.935
25.5 115.77
25.51 86.2068
25.52 55.8901
25.53 24.9307
25.54 -6.35165
25.55 -37.5479
25.56 -68.3428
25.57 -98.5538
25.58 -127.466
25.59 -154.907
25.6 -180.566
25.61 -204.214
25.62 -225.608
25.63 -244.509
25.64 -260.736
25.65 -273.743
25.66 -283.763
25.67 -290.667
25.68 -294.177
25.69 -294.552
25.7 -291.64
25.71 -285.306
25.72 -275.649
25.73 -262.883
25.74 -247.228
25.75 -228.989
25.76 -208.033
25.77 -184.746
25.78 -159.114
25.79 -131.935
25.8 -103.195
25.81 -73.5063
25.82 -43.0203
25.83 -11.8397
25.84 19.5408
25.85 50.7438
25.86 81.1618
25.87 110.607
25.88 138.821
25.89 165.599
25.9 190.651
25.91 213.557
25.92 233.801
25.93 251.278
25.94 266.018
25.95 277.959
25.96 286.679
25.97 292.181
25.98 294.417
25.99 293.183
26 288.625
26.01 281.002
26.02 270.247
26.03 256.554
26.04 239.764
26.05 220.159
26.06 198.15
26.07 173.857
26.08 147.829
26.09 120.064
26.1 90.8444
26.11 60.6341
26.12 29.7051
26.13 -1.61665
26.14 -32.7898
26.15 -63.5025
26.16 -93.4964
26.17 -122.477
26.18 -150.226
26.19 -176.348
26.2 -200.362
26.21 -221.923
26.22 -241.109
26.23 -257.527
26.24 -271.292
26.25 -281.849
26.26 -289.21
26.27 -293.335
26.28 -294.004
26.29 -291.437
26.3 -285.7
26.31 -276.697
26.32 -264.506
26.33 -249.296
26.34 -231.418
26.35 -210.836
26.36 -187.898
26.37 -162.949
26.38 -136.101
26.39 -107.644
26.4 -78.0991
26.41 -47.5896
26.42 -16.4335
26.43 14.7421
26.44 45.7762
26.45 76.3044
26.46 106.021
26.47 134.492
26.48 161.447
26.49 186.563
26.5 209.563
26.51 230.214
26.52 248.328
26.53 263.508
26.54 275.767
26.55 285.066
26.56 290.982
26.57 293.717
26.58 293.116
26.59 289.122
26.6 281.996
26.61 271.686
26.62 258.246
26.63 241.837
26.64 222.728
26.65 201.292
26.66 177.453
26.67 151.553
26.68 124.12
26.69 95.2019
26.7 65.0991
26.71 34.4606
26.72 3.28632
26.73 -27.8403
26.74 -58.7166
26.75 -88.9604
26.76 -118.188
26.77 -146.045
26.78 -172.187
26.79 -196.432
26.8 -218.594
26.81 -238.146
26.82 -255.036
26.83 -269.039
26.84 -280.003
26.85 -287.872
26.86 -292.445
26.87 -293.725
26.88 -291.766
26.89 -286.462
26.9 -277.952
26.91 -266.204
26.92 -251.424
26.93 -233.84
26.94 -213.667
26.95 -191.127
26.96 -166.562
26.97 -140.037
26.98 -111.787
26.99 -82.2902
27 -52.0637
27.01 -21.2582
27.02 9.82796
27.03 41
27.04 71.7834
27.05 101.6
27.06 130.214
27.07 157.36
27.08 182.818
27.09 206.216
27.1 227.147
27.11 245.465
27.12 261.028
27.13 273.789
27.14 283.499
27.15 289.919
27.16 293.039
27.17 293.055
27.18 289.756
27.19 283.253
27.2 273.395
27.21 260.18
27.22 244.183
27.23 225.576
27.24 204.481
27.25 181.074
27.26 155.309
27.27 127.881
27.28 99.119
27.29 69.5666
27.3 39.1849
27.31 8.21045
27.32 -23.0611
27.33 -54.1855
27.34 -84.4516
27.35 -113.719
27.36 -141.705
27.37 -168.236
27.38 -192.961
27.39 -215.473
27.4 -235.415
27.41 -252.573
27.42 -266.904
27.43 -278.359
27.44 -286.61
27.45 -291.736
27.46 -293.435
27.47 -291.982
27.48 -287.314
27.49 -279.224
27.5 -268.034
27.51 -253.766
27.52 -236.686
27.53 -217.015
27.54 -194.857
27.55 -170.357
27.56 -143.849
27.57 -115.875
27.58 -86.7063
27.59 -56.5235
27.6 -25.7015
27.61 5.56602
27.62 36.6524
27.63 67.2164
27.64 97.005
27.65 125.759
27.66 153.199
27.67 178.953
27.68 202.634
27.69 223.999
27.7 242.777
27.71 258.88
27.72 272.123
27.73 282.368
27.74 289.171
27.75 292.906
27.76 293.192
27.77 290.244
27.78 284.05
27.79 274.781
27.8 262.343
27.81 246.757
27.82 228.524
27.83 207.734
27.84 184.61
27.85 159.388
27.86 132.407
27.87 103.79
27.88 74.1473
27.89 43.5664
27.9 12.5623
27.91 -18.4886
27.92 -49.4101
27.93 -79.7761
27.94 -109.353
27.95 -137.66
27.96 -164.369
27.97 -189.17
27.98 -211.895
27.99 -232.312
28 -250.216
28.01 -265.078
28.02 -276.922
28.03 -285.647
28.04 -291.142
28.05 -293.51
28.06 -292.463
28.07 -288.283
28.08 -280.643
28.09 -269.938
28.1 -256.087
28.11 -239.53
28.12 -220.295
28.13 -198.513
28.14 -174.381
28.15 -148.194
28.16 -120.447
28.17 -91.3334
28.18 -61.3478
28.19 -30.5559
28.2 0.650699
28.21 31.7756
28.22 62.571
28.23 92.5967
28.24 121.527
28.25 149.067
28.26 175.001
28.27 199.038
28.28 220.932
28.29 240.374
28.3 256.87
28.31 270.548
28.32 281.017
28.33 288.549
28.34 292.823
28.35 293.739
28.36 291.163
28.37 285.486
28.38 276.499
28.39 264.584
28.4 249.561
28.41 231.806
28.42 211.414
28.43 188.656
28.44 163.749
28.45 136.9
28.46 108.543
28.47 79.011
28.48 48.567
28.49 17.554
28.5 -13.738
28.51 -44.9139
28.52 -75.463
28.53 -105.014
28.54 -133.391
28.55 -160.356
28.56 -185.612
28.57 -208.815
28.58 -229.653
28.59 -247.633
28.6 -262.968
28.61 -275.518
28.62 -284.89
28.63 -291.04
28.64 -293.776
28.65 -293.323
28.66 -289.409
28.67 -282.471
28.68 -272.14
28.69 -258.824
28.7 -242.511
28.71 -223.644
28.72 -202.233
28.73 -178.357
28.74 -152.698
28.75 -125.138
28.76 -96.2114
28.77 -66.3347
28.78 -35.6349
28.79 -4.37314
28.8 26.8582
28.81 57.8153
28.82 87.9231
28.83 117.139
28.84 145.048
28.85 171.418
28.86 195.839
28.87 217.948
28.88 237.617
28.89 254.627
28.9 268.837
28.91 279.965
28.92 287.935
28.93 292.733
28.94 294.084
28.95 292.269
28.96 287.097
28.97 278.658
28.98 267.196
28.99 252.585
29 235.259
29.01 215.147
29.02 192.716
29.03 168.075
29.04 141.497
29.05 113.395
29.06 83.8928
29.07 53.5446
29.08 22.5355
29.09 -8.58968
29.1 -39.8374
29.11 -70.5278
29.12 -100.436
29.13 -129.199
29.14 -156.43
29.15 -181.942
29.16 -205.461
29.17 -226.708
29.18 -245.347
29.19 -261.204
29.2 -274.16
29.21 -283.991
29.22 -290.664
29.23 -294.036
29.24 -294.094
29.25 -290.756
29.26 -284.244
29.27 -274.639
29.28 -261.734
29.29 -245.789
29.3 -227.195
29.31 -205.996
29.32 -182.691
29.33 -157.284
29.34 -129.939
29.35 -101.115
29.36 -71.2191
29.37 -40.6953
29.38 -9.61365
29.39 21.6617
29.4 52.6857
29.41 83.228
29.42 112.624
29.43 140.771
29.44 167.409
29.45 192.261
29.46 214.89
29.47 235.018
29.48 252.505
29.49 267.039
29.5 278.713
29.51 287.173
29.52 292.592
29.53 294.564
29.54 293.239
29.55 288.647
29.56 280.737
29.57 269.664
29.58 255.709
29.59 238.717
29.6 218.976
29.61 196.87
29.62 172.545
29.63 146.25
29.64 118.242
29.65 88.9398
29.66 58.7825
29.67 27.9344
29.68 -3.38836
29.69 -34.5566
29.7 -65.5934
29.71 -95.5679
29.72 -124.563
29.73 -152.157
29.74 -178.119
29.75 -202.085
29.76 -223.704
29.77 -242.848
29.78 -259.108
29.79 -272.498
29.8 -282.94
29.81 -290.119
29.82 -294.117
29.83 -294.628
29.84 -291.966
29.85 -286.013
29.86 -276.856
29.87 -264.522
29.88 -249.118
29.89 -231.049
29.9 -210.295
29.91 -187.258
29.92 -161.87
29.93 -134.743
29.94 -106.267
29.95 -76.661
29.96 -46.0828
29.97 -14.7988
29.98 16.5216
29.99 47.6115
30 78.0789
