0.01 58.5811
0.02 57.6639
0.03 53.7632
0.04 54.7506
0.05 70.6892
0.06 95.9113
0.07 102.891
0.08 68.81
0.09 5.97578
0.1 -40.7116
0.11 -47.4974
0.12 -36.1752
0.13 -37.9659
0.14 -60.5146
0.15 -86.3472
0.16 -95.2167
0.17 -85.5044
0.18 -71.3898
0.19 -68.3767
0.2 -78.7316
0.21 -95.4654
0.22 -112.234
0.23 -126.63
0.24 -134.922
0.25 -131.07
0.26 -115.702
0.27 -97.243
0.28 -82.5637
0.29 -68.3807
0.3 -47.1706
0.31 -20.9034
0.32 -0.522942
0.33 7.0036
0.34 6.68214
0.35 9.53796
0.36 21.5699
0.37 41.5802
0.38 64.6618
0.39 87.7412
0.4 110.162
0.41 132.049
0.42 152.947
0.43 171.11
0.44 184.465
0.45 191.722
0.46 192.716
0.47 188.339
0.48 180.901
0.49 174.123
0.5 170.21
0.51 168.666
0.52 166.532
0.53 161.957
0.54 154.319
0.55 143.57
0.56 128.094
0.57 106.497
0.58 78.8983
0.59 47.1326
0.6 14.0918
0.61 -17.6871
0.62 -45.9724
0.63 -70.5946
0.64 -92.2783
0.65 -112.46
0.66 -132.195
0.67 -151.998
0.68 -172.031
0.69 -191.95
0.7 -211.633
0.71 -230.522
0.72 -247.656
0.73 -261.591
0.74 -270.555
0.75 -273.493
0.76 -270.465
0.77 -262.365
0.78 -250.597
0.79 -236.336
0.8 -220.595
0.81 -204.119
0.82 -187.175
0.83 -169.474
0.84 -150.427
0.85 -129.079
0.86 -104.295
0.87 -75.5932
0.88 -43.3287
0.89 -8.52871
0.9 27.293
0.91 62.9367
0.92 96.9818
0.93 128.39
0.94 156.868
0.95 182.184
0.96 204.98
0.97 225.691
0.98 244.731
0.99 262.322
1 278.721
1.01 293.512
1.02 306.276
1.03 315.781
1.04 320.893
1.05 320.789
1.06 315.26
1.07 304.579
1.08 289.137
1.09 269.667
1.1 246.987
1.11 222.015
1.12 195.875
1.13 168.59
1.14 140.217
1.15 110.433
1.16 78.8087
1.17 45.253
1.18 9.91413
1.19 -26.8045
1.2 -64.0911
1.21 -101.262
1.22 -137.164
1.23 -170.769
1.24 -201.387
1.25 -228.759
1.26 -252.567
1.27 -273.138
1.28 -290.667
1.29 -305.325
1.3 -317.501
1.31 -327.096
1.32 -333.926
1.33 -337.558
1.34 -337.437
1.35 -333.109
1.36 -324.288
1.37 -310.846
1.38 -293.035
1.39 -271.43
1.4 -246.55
1.41 -219.465
1.42 -190.491
1.43 -160.403
1.44 -129.247
1.45 -97.2903
1.46 -64.4139
1.47 -30.5742
1.48 4.21853
1.49 39.6726
1.5 75.6598
1.51 111.468
1.52 146.26
1.53 179.425
1.54 210.293
1.55 238.084
1.56 262.618
1.57 283.656
1.58 301.219
1.59 315.325
1.6 326.315
1.61 334.009
1.62 338.594
1.63 339.992
1.64 338.004
1.65 332.335
1.66 322.791
1.67 309.336
1.68 291.884
1.69 270.824
1.7 246.812
1.71 220.155
1.72 191.411
1.73 160.962
1.74 129.539
1.75 97.2913
1.76 64.489
1.77 31.2441
1.78 -2.36876
1.79 -36.1345
1.8 -69.7359
1.81 -102.863
1.82 -135.048
1.83 -165.948
1.84 -194.865
1.85 -221.183
1.86 -244.866
1.87 -265.391
1.88 -282.869
1.89 -297.235
1.9 -308.614
1.91 -317.104
1.92 -322.663
1.93 -325.342
1.94 -325.033
1.95 -321.608
1.96 -314.92
1.97 -304.993
1.98 -291.543
1.99 -274.669
2 -254.676
2.01 -232.023
2.02 -206.916
2.03 -179.887
2.04 -151.304
2.05 -121.291
2.06 -90.5036
2.07 -59.099
2.08 -27.2223
2.09 4.99533
2.1 37.19
2.11 69.3231
2.12 100.804
2.13 131.404
2.14 160.509
2.15 188.045
2.16 213.305
2.17 236.289
2.18 256.55
2.19 273.965
2.2 288.455
2.21 300.089
2.22 308.887
2.23 314.84
2.24 317.869
2.25 317.91
2.26 314.726
2.27 308.589
2.28 299.314
2.29 286.972
2.3 271.554
2.31 253.424
2.32 232.787
2.33 209.858
2.34 185.083
2.35 158.488
2.36 130.651
2.37 101.737
2.38 71.9142
2.39 41.2742
2.4 9.98285
2.41 -21.5277
2.42 -53.0745
2.43 -84.422
2.44 -115.105
2.45 -144.845
2.46 -173.397
2.47 -200.276
2.48 -225.071
2.49 -247.575
2.5 -267.473
2.51 -284.802
2.52 -299.477
2.53 -311.367
2.54 -320.217
2.55 -325.98
2.56 -328.512
2.57 -327.764
2.58 -323.915
2.59 -316.821
2.6 -306.331
2.61 -292.513
2.62 -275.585
2.63 -255.731
2.64 -233.395
2.65 -208.54
2.66 -181.616
2.67 -152.763
2.68 -122.321
2.69 -90.5885
2.7 -57.8123
2.71 -24.3931
2.72 9.51828
2.73 43.5404
2.74 77.4459
2.75 110.804
2.76 143.223
2.77 174.217
2.78 203.662
2.79 231.156
2.8 256.408
2.81 279.137
2.82 299.186
2.83 316.41
2.84 330.68
2.85 341.801
2.86 349.565
2.87 353.776
2.88 354.584
2.89 351.759
2.9 345.278
2.91 335.248
2.92 321.467
2.93 304.104
2.94 283.535
2.95 259.867
2.96 233.184
2.97 204.002
2.98 172.503
2.99 138.989
3 103.756
3.01 67.2382
3.02 29.6275
3.03 -8.44696
3.04 -46.7704
3.05 -85.0582
3.06 -122.705
3.07 -159.265
3.08 -194.451
3.09 -227.652
3.1 -258.652
3.11 -287.09
3.12 -312.627
3.13 -334.874
3.14 -353.749
3.15 -369.09
3.16 -380.486
3.17 -387.843
3.18 -391.145
3.19 -390.428
3.2 -385.451
3.21 -376.452
3.22 -363.178
3.23 -345.918
3.24 -324.732
3.25 -300.205
3.26 -272.427
3.27 -241.45
3.28 -207.8
3.29 -171.708
3.3 -133.712
3.31 -93.9234
3.32 -53.0677
3.33 -11.3583
3.34 30.6937
3.35 72.8359
3.36 114.455
3.37 155.265
3.38 194.507
3.39 231.724
3.4 266.674
3.41 298.996
3.42 328.311
3.43 354.122
3.44 376.208
3.45 394.111
3.46 407.933
3.47 417.484
3.48 422.618
3.49 423.071
3.5 418.808
3.51 409.782
3.52 396.416
3.53 378.491
3.54 356.416
3.55 330.116
3.56 300.159
3.57 266.799
3.58 230.393
3.59 191.278
3.6 149.841
3.61 106.7
3.62 62.3214
3.63 17.2077
3.64 -28.4256
3.65 -74.0023
3.66 -118.816
3.67 -162.312
3.68 -204.053
3.69 -243.662
3.7 -280.787
3.71 -314.937
3.72 -345.652
3.73 -372.434
3.74 -395.12
3.75 -413.757
3.76 -427.792
3.77 -437.293
3.78 -441.884
3.79 -441.705
3.8 -436.571
3.81 -426.701
3.82 -412.059
3.83 -392.926
3.84 -369.407
3.85 -341.608
3.86 -310.061
3.87 -274.87
3.88 -236.735
3.89 -195.931
3.9 -152.928
3.91 -107.965
3.92 -61.7994
3.93 -14.8753
3.94 32.1698
3.95 78.9238
3.96 124.876
3.97 169.596
3.98 212.451
3.99 252.987
4 290.706
4.01 325.233
4.02 356.214
4.03 383.077
4.04 405.771
4.05 423.875
4.06 437.387
4.07 445.9
4.08 449.445
4.09 447.917
4.1 441.326
4.11 429.971
4.12 413.839
4.13 393.186
4.14 367.969
4.15 338.776
4.16 305.746
4.17 269.545
4.18 230.431
4.19 188.753
4.2 145.024
4.21 99.7214
4.22 53.3711
4.23 6.59704
4.24 -40.295
4.25 -86.62
4.26 -131.8
4.27 -175.635
4.28 -217.459
4.29 -256.84
4.3 -293.288
4.31 -326.345
4.32 -355.701
4.33 -381.177
4.34 -402.5
4.35 -419.275
4.36 -431.303
4.37 -438.541
4.38 -440.906
4.39 -438.454
4.4 -431.216
4.41 -419.123
4.42 -402.34
4.43 -381.271
4.44 -355.934
4.45 -326.837
4.46 -293.997
4.47 -258.043
4.48 -219.291
4.49 -178.18
4.5 -135.23
4.51 -90.967
4.52 -45.6014
4.53 -0.0270215
4.54 45.5436
4.55 90.2799
4.56 134.01
4.57 176.052
4.58 215.986
4.59 253.421
4.6 287.903
4.61 319.112
4.62 346.652
4.63 370.222
4.64 389.507
4.65 404.525
4.66 415.083
4.67 421.098
4.68 422.239
4.69 418.824
4.7 410.664
4.71 398.257
4.72 381.749
4.73 360.943
4.74 336.121
4.75 307.765
4.76 276.082
4.77 241.735
4.78 204.89
4.79 165.931
4.8 125.087
4.81 83.1312
4.82 40.4412
4.83 -2.46097
4.84 -45.0913
4.85 -87.2189
4.86 -128.173
4.87 -167.561
4.88 -204.97
4.89 -239.988
4.9 -272.259
4.91 -301.359
4.92 -327.21
4.93 -349.26
4.94 -367.349
4.95 -381.471
4.96 -391.387
4.97 -396.918
4.98 -397.929
4.99 -394.738
5 -387.209
5.01 -375.493
5.02 -359.716
5.03 -339.993
5.04 -316.706
5.05 -289.956
5.06 -260.335
5.07 -227.855
5.08 -193.107
5.09 -156.497
5.1 -118.393
5.11 -79.1064
5.12 -39.1193
5.13 1.11576
5.14 40.9982
5.15 80.1484
5.16 118.295
5.17 155.013
5.18 189.905
5.19 222.536
5.2 252.559
5.21 279.668
5.22 303.639
5.23 324.411
5.24 341.375
5.25 354.652
5.26 363.962
5.27 369.328
5.28 370.751
5.29 368.091
5.3 361.52
5.31 351.164
5.32 336.939
5.33 319.145
5.34 298.003
5.35 273.804
5.36 246.946
5.37 217.481
5.38 185.585
5.39 151.727
5.4 116.551
5.41 80.2276
5.42 43.383
5.43 6.07004
5.44 -31.2726
5.45 -68.1781
5.46 -104.087
5.47 -138.623
5.48 -171.507
5.49 -202.438
5.5 -231.142
5.51 -257.162
5.52 -280.394
5.53 -300.389
5.54 -317.003
5.55 -330.13
5.56 -339.712
5.57 -345.464
5.58 -347.513
5.59 -345.858
5.6 -340.399
5.61 -331.249
5.62 -318.581
5.63 -302.7
5.64 -283.518
5.65 -261.362
5.66 -236.583
5.67 -209.167
5.68 -179.792
5.69 -148.608
5.7 -115.745
5.71 -81.9008
5.72 -47.1943
5.73 -12.2485
5.74 22.6507
5.75 57.1292
5.76 90.9639
5.77 123.725
5.78 154.981
5.79 184.388
5.8 211.644
5.81 236.667
5.82 259.181
5.83 278.828
5.84 295.374
5.85 308.552
5.86 318.467
5.87 324.975
5.88 327.86
5.89 327.188
5.9 322.893
5.91 315.15
5.92 304.108
5.93 289.839
5.94 272.42
5.95 252.161
5.96 229.065
5.97 203.641
5.98 176.13
5.99 146.772
6 115.942
6.01 83.7749
6.02 50.7139
6.03 17.2536
6.04 -16.1124
6.05 -49.2894
6.06 -81.8256
6.07 -113.453
6.08 -143.737
6.09 -172.289
6.1 -198.838
6.11 -223.157
6.12 -244.982
6.13 -264.232
6.14 -280.557
6.15 -293.664
6.16 -303.459
6.17 -309.928
6.18 -312.965
6.19 -312.719
6.2 -309.054
6.21 -301.966
6.22 -291.543
6.23 -277.971
6.24 -261.453
6.25 -242.298
6.26 -220.391
6.27 -196.265
6.28 -169.871
6.29 -141.631
6.3 -111.989
6.31 -81.212
6.32 -49.6566
6.33 -17.435
6.34 14.8929
6.35 46.9693
6.36 78.3771
6.37 108.807
6.38 137.993
6.39 165.724
6.4 191.562
6.41 215.216
6.42 236.351
6.43 254.969
6.44 270.678
6.45 283.457
6.46 292.908
6.47 299.092
6.48 302.031
6.49 301.615
6.5 297.693
6.51 290.528
6.52 280.121
6.53 266.663
6.54 250.306
6.55 231.279
6.56 209.604
6.57 185.558
6.58 159.71
6.59 132.137
6.6 103.134
6.61 72.7891
6.62 41.8155
6.63 10.4673
6.64 -20.9576
6.65 -51.9786
6.66 -82.3893
6.67 -111.853
6.68 -139.941
6.69 -166.361
6.7 -190.844
6.71 -213.202
6.72 -233.195
6.73 -250.377
6.74 -264.794
6.75 -276.261
6.76 -284.57
6.77 -289.875
6.78 -291.686
6.79 -290.235
6.8 -285.463
6.81 -277.512
6.82 -266.499
6.83 -252.515
6.84 -235.683
6.85 -216.172
6.86 -194.332
6.87 -170.373
6.88 -144.488
6.89 -117.052
6.9 -88.2189
6.91 -58.5559
6.92 -28.3524
6.93 2.15012
6.94 32.671
6.95 62.7633
6.96 92.0586
6.97 120.19
6.98 146.852
6.99 171.764
7 194.842
7.01 215.56
7.02 233.69
7.03 249.121
7.04 261.673
7.05 271.265
7.06 277.776
7.07 280.98
7.08 280.994
7.09 277.779
7.1 271.311
7.11 261.926
7.12 249.584
7.13 234.398
7.14 216.513
7.15 196.245
7.16 173.696
7.17 149.262
7.18 123.334
7.19 95.9734
7.2 67.6431
7.21 38.3567
7.22 8.83654
7.23 -20.618
7.24 -49.7373
7.25 -78.23
7.26 -105.832
7.27 -132.161
7.28 -156.852
7.29 -179.678
7.3 -200.397
7.31 -218.64
7.32 -234.496
7.33 -247.688
7.34 -257.851
7.35 -265.156
7.36 -269.262
7.37 -270.149
7.38 -268.034
7.39 -262.754
7.4 -254.596
7.41 -243.462
7.42 -229.473
7.43 -212.82
7.44 -193.748
7.45 -172.646
7.46 -149.563
7.47 -124.896
7.48 -98.6813
7.49 -71.3232
7.5 -43.1913
7.51 -14.7469
7.52 13.627
7.53 41.9426
7.54 69.667
7.55 96.5412
7.56 122.176
7.57 146.237
7.58 168.565
7.59 188.882
7.6 206.901
7.61 222.566
7.62 235.485
7.63 245.733
7.64 253.108
7.65 257.39
7.66 258.804
7.67 257.017
7.68 252.402
7.69 244.769
7.7 234.447
7.71 221.41
7.72 205.68
7.73 187.718
7.74 167.732
7.75 145.803
7.76 122.254
7.77 97.2822
7.78 71.2813
7.79 44.4171
7.8 17.3453
7.81 -10.012
7.82 -37.2402
7.83 -63.9788
7.84 -89.8282
7.85 -114.487
7.86 -137.729
7.87 -159.362
7.88 -179.134
7.89 -196.782
7.9 -211.978
7.91 -224.621
7.92 -234.676
7.93 -242.104
7.94 -246.56
7.95 -248.112
7.96 -246.684
7.97 -242.408
7.98 -235.511
7.99 -225.726
8 -213.324
8.01 -198.354
8.02 -180.995
8.03 -161.785
8.04 -140.894
8.05 -118.303
8.06 -94.4238
8.07 -69.2546
8.08 -43.5199
8.09 -17.2822
8.1 8.82582
8.11 34.934
8.12 60.5727
8.13 85.525
8.14 109.393
8.15 131.828
8.16 152.575
8.17 171.541
8.18 188.452
8.19 203.18
8.2 215.462
8.21 225.199
8.22 232.34
8.23 236.618
8.24 238.312
8.25 237.175
8.26 233.245
8.27 226.718
8.28 217.409
8.29 205.676
8.3 191.405
8.31 175.059
8.32 156.57
8.33 136.52
8.34 114.713
8.35 91.7443
8.36 67.7372
8.37 42.9465
8.38 17.7435
8.39 -7.51976
8.4 -32.64
8.41 -57.5554
8.42 -81.6324
8.43 -104.76
8.44 -126.58
8.45 -146.866
8.46 -165.386
8.47 -181.985
8.48 -196.551
8.49 -208.533
8.5 -218.132
8.51 -225.225
8.52 -229.67
8.53 -231.444
8.54 -230.414
8.55 -226.766
8.56 -220.609
8.57 -211.78
8.58 -200.458
8.59 -186.87
8.6 -170.987
8.61 -153.324
8.62 -133.918
8.63 -112.876
8.64 -90.5209
8.65 -67.1811
8.66 -43.1458
8.67 -18.7199
8.68 5.81306
8.69 30.5195
8.7 54.7322
8.71 78.2283
8.72 100.738
8.73 122.042
8.74 141.98
8.75 160.385
8.76 176.813
8.77 191.053
8.78 203.06
8.79 212.834
8.8 220.173
8.81 224.839
8.82 226.808
8.83 226.177
8.84 223.088
8.85 217.445
8.86 209.203
8.87 198.542
8.88 185.426
8.89 170.264
8.9 153.367
8.91 134.547
8.92 114.17
8.93 92.4624
8.94 69.5903
8.95 46.0886
8.96 21.9223
8.97 -2.32677
8.98 -26.5911
8.99 -50.5168
9 -73.9163
9.01 -96.4691
9.02 -117.926
9.03 -137.954
9.04 -156.289
9.05 -172.776
9.06 -187.475
9.07 -199.93
9.08 -210.229
9.09 -217.867
9.1 -222.97
9.11 -225.609
9.12 -225.711
9.13 -223.143
9.14 -218.031
9.15 -210.336
9.16 -200.21
9.17 -187.805
9.18 -173.36
9.19 -156.727
9.2 -138.242
9.21 -118.31
9.22 -97.0284
9.23 -74.6962
9.24 -51.47
9.25 -27.4218
9.26 -3.22287
9.27 20.9557
9.28 44.9251
9.29 68.4562
9.3 91.3344
9.31 113.156
9.32 133.614
9.33 152.493
9.34 169.696
9.35 185.07
9.36 198.348
9.37 209.148
9.38 217.701
9.39 223.67
9.4 227.073
9.41 228.005
9.42 226.323
9.43 222.07
9.44 215.206
9.45 205.837
9.46 194.09
9.47 180.15
9.48 164.324
9.49 146.43
9.5 126.695
9.51 105.485
9.52 83.0159
9.53 59.7256
9.54 35.7756
9.55 11.3951
9.56 -13.3611
9.57 -37.9042
9.58 -62.0362
9.59 -85.4339
9.6 -107.834
9.61 -129.115
9.62 -149.018
9.63 -167.293
9.64 -183.743
9.65 -197.93
9.66 -209.932
9.67 -219.555
9.68 -226.664
9.69 -231.255
9.7 -233.165
9.71 -232.386
9.72 -228.97
9.73 -223.029
9.74 -214.514
9.75 -203.498
9.76 -190.128
9.77 -174.606
9.78 -157.26
9.79 -137.955
9.8 -116.921
9.81 -94.5012
9.82 -71.03
9.83 -46.682
9.84 -21.7584
9.85 3.47192
9.86 28.6356
9.87 53.6749
9.88 78.0856
9.89 101.558
9.9 124.011
9.91 145.079
9.92 164.53
9.93 182.178
9.94 197.819
9.95 211.268
9.96 222.309
9.97 230.894
9.98 236.855
9.99 240.051
10 240.646
10.01 238.411
10.02 233.634
10.03 225.961
10.04 215.747
10.05 203.025
10.06 187.984
10.07 170.953
10.08 151.829
10.09 130.904
10.1 108.384
10.11 84.6722
10.12 60.0237
10.13 34.6086
10.14 8.59066
10.15 -17.6305
10.16 -43.6642
10.17 -69.1864
10.18 -93.8088
10.19 -117.595
10.2 -140.24
10.21 -161.381
10.22 -180.639
10.23 -197.813
10.24 -212.74
10.25 -225.309
10.26 -235.458
10.27 -243.08
10.28 -247.819
10.29 -249.776
10.3 -248.86
10.31 -245.151
10.32 -238.618
10.33 -229.48
10.34 -217.69
10.35 -203.351
10.36 -186.633
10.37 -167.752
10.38 -146.948
10.39 -124.454
10.4 -100.588
10.41 -75.3927
10.42 -49.2354
10.43 -22.427
10.44 4.58884
10.45 31.6858
10.46 58.395
10.47 84.5183
10.48 109.839
10.49 134.004
10.5 156.695
10.51 177.617
10.52 196.55
10.53 213.356
10.54 227.732
10.55 239.604
10.56 248.852
10.57 255.389
10.58 258.911
10.59 259.421
10.6 256.992
10.61 251.761
10.62 243.837
10.63 233.091
10.64 219.384
10.65 203.169
10.66 184.687
10.67 164.241
10.68 141.927
10.69 117.933
10.7 92.3611
10.71 65.6117
10.72 38.1996
10.73 10.4793
10.74 -17.5448
10.75 -45.4373
10.76 -73.0614
10.77 -99.941
10.78 -125.726
10.79 -149.975
10.8 -172.575
10.81 -193.342
10.82 -212.069
10.83 -228.468
10.84 -242.363
10.85 -253.335
10.86 -261.457
10.87 -266.661
10.88 -269.028
10.89 -268.289
10.9 -264.648
10.91 -257.861
10.92 -248.187
10.93 -235.543
10.94 -220.339
10.95 -202.605
10.96 -182.545
10.97 -160.377
10.98 -136.298
10.99 -110.56
11 -83.6116
11.01 -55.7597
11.02 -27.2184
11.03 1.81539
11.04 30.9245
11.05 59.6194
11.06 87.7147
11.07 114.869
11.08 140.824
11.09 165.289
11.1 187.956
11.11 208.498
11.12 226.764
11.13 242.423
11.14 255.479
11.15 265.665
11.16 272.798
11.17 276.764
11.18 277.748
11.19 275.664
11.2 270.524
11.21 262.211
11.22 250.938
11.23 236.646
11.24 219.856
11.25 200.641
11.26 179.117
11.27 155.441
11.28 129.881
11.29 102.78
11.3 74.7286
11.31 45.7233
11.32 16.0805
11.33 -13.8335
11.34 -43.6644
11.35 -73.0399
11.36 -101.563
11.37 -128.954
11.38 -155.063
11.39 -179.519
11.4 -201.957
11.41 -222.109
11.42 -239.84
11.43 -254.699
11.44 -266.855
11.45 -276.124
11.46 -282.182
11.47 -285.101
11.48 -284.877
11.49 -281.318
11.5 -274.666
11.51 -264.912
11.52 -252.277
11.53 -236.74
11.54 -218.336
11.55 -197.539
11.56 -174.488
11.57 -149.485
11.58 -122.767
11.59 -94.6665
11.6 -65.3223
11.61 -35.3478
11.62 -4.81659
11.63 25.6383
11.64 55.9
11.65 85.6724
11.66 114.402
11.67 141.989
11.68 167.968
11.69 192.092
11.7 214.078
11.71 233.695
11.72 250.753
11.73 264.972
11.74 276.24
11.75 284.361
11.76 289.309
11.77 291.1
11.78 289.633
11.79 284.823
11.8 276.875
11.81 265.913
11.82 251.822
11.83 235.007
11.84 215.501
11.85 193.383
11.86 169.213
11.87 143.16
11.88 115.443
11.89 86.3984
11.9 56.3211
11.91 25.5607
11.92 -5.53668
11.93 -36.399
11.94 -67.0496
11.95 -96.859
11.96 -125.683
11.97 -153.198
11.98 -179.001
11.99 -202.816
12 -224.34
12.01 -243.392
12.02 -259.692
12.03 -273.12
12.04 -283.569
12.05 -290.796
12.06 -294.751
12.07 -295.331
12.08 -292.626
12.09 -286.757
12.1 -277.682
12.11 -265.464
12.12 -250.322
12.13 -232.179
12.14 -211.546
12.15 -188.553
12.16 -163.309
12.17 -136.321
12.18 -107.876
12.19 -78.1208
12.2 -47.4439
12.21 -16.1505
12.22 15.1475
12.23 46.3692
12.24 76.9849
12.25 106.935
12.26 135.629
12.27 162.869
12.28 188.268
12.29 211.599
12.3 232.605
12.31 251.038
12.32 266.697
12.33 279.21
12.34 288.694
12.35 295.019
12.36 298.023
12.37 297.675
12.38 294.132
12.39 287.081
12.4 277.044
12.41 263.773
12.42 247.665
12.43 228.637
12.44 207.197
12.45 183.327
12.46 157.49
12.47 129.794
12.48 100.658
12.49 70.2947
12.5 39.3004
12.51 7.83281
12.52 -23.8478
12.53 -55.0638
12.54 -85.9195
12.55 -115.619
12.56 -144.222
12.57 -171.177
12.58 -196.226
12.59 -219.045
12.6 -239.411
12.61 -257.209
12.62 -272.039
12.63 -284.02
12.64 -292.645
12.65 -297.993
12.66 -300.1
12.67 -298.883
12.68 -294.245
12.69 -286.378
12.7 -275.417
12.71 -261.263
12.72 -244.209
12.73 -224.554
12.74 -202.227
12.75 -177.748
12.76 -151.264
12.77 -123.02
12.78 -93.4309
12.79 -62.7031
12.8 -31.4149
12.81 0.179732
12.82 31.8294
12.83 63.2579
12.84 93.9966
12.85 123.572
12.86 151.679
12.87 178.079
12.88 202.603
12.89 225.021
12.9 244.979
12.91 262.093
12.92 276.088
12.93 287.109
12.94 295.15
12.95 299.858
12.96 301.133
12.97 298.976
12.98 293.402
12.99 284.737
13 273.091
13.01 258.204
13.02 240.294
13.03 219.809
13.04 196.864
13.05 171.964
13.06 145.098
13.07 116.421
13.08 86.392
13.09 55.4439
13.1 24.0402
13.11 -7.75177
13.12 -39.4412
13.13 -70.8252
13.14 -101.389
13.15 -130.612
13.16 -158.417
13.17 -184.523
13.18 -208.667
13.19 -230.423
13.2 -249.594
13.21 -265.923
13.22 -279.374
13.23 -289.756
13.24 -296.947
13.25 -300.736
13.26 -301.283
13.27 -298.384
13.28 -292.209
13.29 -282.691
13.3 -269.978
13.31 -254.284
13.32 -235.803
13.33 -214.828
13.34 -191.262
13.35 -165.621
13.36 -138.117
13.37 -109.094
13.38 -79.0922
13.39 -48.0429
13.4 -16.5399
13.41 15.3731
13.42 47.1744
13.43 78.2257
13.44 108.377
13.45 137.398
13.46 164.895
13.47 190.609
13.48 214.186
13.49 235.31
13.5 253.751
13.51 269.385
13.52 282.109
13.53 291.67
13.54 297.883
13.55 300.888
13.56 300.589
13.57 296.873
13.58 289.899
13.59 279.614
13.6 266.172
13.61 249.782
13.62 230.769
13.63 209.03
13.64 184.901
13.65 158.822
13.66 130.985
13.67 101.782
13.68 71.4283
13.69 40.1621
13.7 8.45222
13.71 -23.31
13.72 -54.6882
13.73 -85.6198
13.74 -115.556
13.75 -144.278
13.76 -171.365
13.77 -196.484
13.78 -219.344
13.79 -239.819
13.8 -257.698
13.81 -272.545
13.82 -284.398
13.83 -292.984
13.84 -298.433
13.85 -300.6
13.86 -299.432
13.87 -294.903
13.88 -286.963
13.89 -275.804
13.9 -261.63
13.91 -244.597
13.92 -224.832
13.93 -202.481
13.94 -177.897
13.95 -151.116
13.96 -122.886
13.97 -93.2872
13.98 -62.7079
13.99 -31.5022
14 0.0855173
14.01 31.7589
14.02 63.1934
14.03 93.793
14.04 123.241
14.05 151.352
14.06 177.814
14.07 202.384
14.08 224.668
14.09 244.426
14.1 261.178
14.11 275.05
14.12 286.063
14.13 293.858
14.14 298.301
14.15 299.475
14.16 297.187
14.17 291.562
14.18 282.844
14.19 270.965
14.2 255.997
14.21 238.245
14.22 217.682
14.23 194.676
14.24 169.511
14.25 142.6
14.26 114.174
14.27 84.3017
14.28 53.4933
14.29 21.9711
14.3 -9.57187
14.31 -40.9274
14.32 -71.8007
14.33 -101.998
14.34 -131.16
14.35 -158.808
14.36 -184.579
14.37 -208.223
14.38 -229.586
14.39 -248.458
14.4 -264.42
14.41 -277.449
14.42 -287.358
14.43 -294.123
14.44 -297.562
14.45 -297.499
14.46 -294.261
14.47 -287.612
14.48 -277.945
14.49 -265.157
14.5 -249.284
14.51 -230.535
14.52 -209.244
14.53 -185.851
14.54 -160.265
14.55 -132.905
14.56 -104.027
14.57 -73.9722
14.58 -43.09
14.59 -11.7852
14.6 19.557
14.61 50.7719
14.62 81.4083
14.63 111.03
14.64 139.436
14.65 166.285
14.66 191.249
14.67 213.983
14.68 234.414
14.69 252.18
14.7 267.138
14.71 278.929
14.72 287.746
14.73 293.309
14.74 295.612
14.75 294.625
14.76 290.33
14.77 282.551
14.78 271.746
14.79 257.981
14.8 241.363
14.81 221.992
14.82 200.057
14.83 175.846
14.84 149.813
14.85 122.112
14.86 93.2007
14.87 63.0283
14.88 32.1663
14.89 0.987875
14.9 -30.1766
14.91 -60.8178
14.92 -90.9544
14.93 -120.074
14.94 -147.848
14.95 -173.883
14.96 -197.899
14.97 -219.646
14.98 -238.987
14.99 -255.664
15 -269.496
15.01 -280.106
15.02 -287.6
15.03 -291.992
15.04 -293.022
15.05 -290.805
15.06 -285.36
15.07 -276.652
15.08 -264.84
15.09 -249.963
15.1 -232.433
15.11 -212.291
15.12 -189.744
15.13 -165.126
15.14 -138.406
15.15 -110.323
15.16 -81.1304
15.17 -50.9753
15.18 -20.4114
15.19 10.49
15.2 41.4056
15.21 71.7038
15.22 101.161
15.23 129.43
15.24 156.246
15.25 181.301
15.26 204.364
15.27 225.085
15.28 243.209
15.29 258.617
15.3 271.07
15.31 280.459
15.32 286.724
15.33 289.728
15.34 289.511
15.35 285.994
15.36 279.25
15.37 269.516
15.38 256.779
15.39 241.124
15.4 222.667
15.41 201.518
15.42 178.418
15.43 153.277
15.44 126.512
15.45 98.2505
15.46 68.7668
15.47 38.4753
15.48 8.02651
15.49 -22.4506
15.5 -52.7955
15.51 -82.5128
15.52 -111.29
15.53 -138.778
15.54 -164.659
15.55 -188.677
15.56 -210.555
15.57 -230.19
15.58 -247.019
15.59 -261.083
15.6 -272.226
15.61 -280.373
15.62 -285.295
15.63 -286.946
15.64 -285.377
15.65 -280.56
15.66 -272.736
15.67 -261.847
15.68 -247.841
15.69 -231.157
15.7 -211.912
15.71 -190.323
15.72 -166.556
15.73 -140.943
15.74 -113.649
15.75 -85.149
15.76 -55.8723
15.77 -25.8865
15.78 4.46066
15.79 34.7155
15.8 64.5234
15.81 93.5756
15.82 121.495
15.83 148.051
15.84 172.963
15.85 195.918
15.86 216.571
15.87 234.855
15.88 250.387
15.89 263.167
15.9 272.967
15.91 279.603
15.92 283.063
15.93 283.492
15.94 280.652
15.95 274.571
15.96 265.478
15.97 253.27
15.98 238.399
15.99 220.9
16 200.889
16.01 178.395
16.02 154.108
16.03 127.978
16.04 100.643
16.05 72.1566
16.06 42.7192
16.07 12.7748
16.08 -17.2778
16.09 -46.9705
16.1 -76.1024
16.11 -104.393
16.12 -131.575
16.13 -157.301
16.14 -181.175
16.15 -202.942
16.16 -222.276
16.17 -239.236
16.18 -253.444
16.19 -264.897
16.2 -273.234
16.21 -278.526
16.22 -280.642
16.23 -279.632
16.24 -275.438
16.25 -268.132
16.26 -257.937
16.27 -244.703
16.28 -228.814
16.29 -210.296
16.3 -189.233
16.31 -166.171
16.32 -141.406
16.33 -114.893
16.34 -87.2036
16.35 -58.5834
16.36 -29.086
16.37 0.55392
16.38 30.1501
16.39 59.3458
16.4 87.8082
16.41 115.357
16.42 141.666
16.43 166.367
16.44 189.116
16.45 209.59
16.46 227.736
16.47 243.365
16.48 256.237
16.49 266.333
16.5 273.287
16.51 277.081
16.52 277.771
16.53 275.435
16.54 269.979
16.55 261.425
16.56 249.979
16.57 235.537
16.58 218.591
16.59 199.101
16.6 177.502
16.61 153.864
16.62 128.566
16.63 101.735
16.64 73.7483
16.65 45.036
16.66 15.7718
16.67 -13.5286
16.68 -42.7925
16.69 -71.531
16.7 -99.5764
16.71 -126.417
16.72 -151.728
16.73 -175.295
16.74 -196.895
16.75 -216.313
16.76 -233.277
16.77 -247.615
16.78 -259.071
16.79 -267.594
16.8 -273.056
16.81 -275.581
16.82 -274.893
16.83 -271.143
16.84 -264.269
16.85 -254.511
16.86 -241.744
16.87 -226.388
16.88 -208.363
16.89 -188.123
16.9 -165.62
16.91 -141.334
16.92 -115.498
16.93 -88.3661
16.94 -60.0816
16.95 -31.3231
16.96 -2.13619
16.97 26.9364
16.98 55.7926
16.99 83.9674
17 111.265
17.01 137.276
17.02 161.679
17.03 184.243
17.04 204.791
17.05 222.96
17.06 238.586
17.07 251.562
17.08 261.687
17.09 268.757
17.1 272.852
17.11 273.842
17.12 271.777
17.13 266.475
17.14 258.417
17.15 247.315
17.16 233.429
17.17 217.04
17.18 198.04
17.19 176.893
17.2 153.726
17.21 128.792
17.22 102.458
17.23 74.9798
17.24 46.6191
17.25 17.7409
17.26 -11.3785
17.27 -40.3026
17.28 -68.7387
17.29 -96.4581
17.3 -123.011
17.31 -148.177
17.32 -171.641
17.33 -193.172
17.34 -212.556
17.35 -229.649
17.36 -243.993
17.37 -255.456
17.38 -264.165
17.39 -269.881
17.4 -272.565
17.41 -272.15
17.42 -268.639
17.43 -262.015
17.44 -252.454
17.45 -240.224
17.46 -225.155
17.47 -207.513
17.48 -187.645
17.49 -165.516
17.5 -141.609
17.51 -116.148
17.52 -89.2408
17.53 -61.2947
17.54 -32.7611
17.55 -3.92244
17.56 25.013
17.57 53.6794
17.58 81.7893
17.59 108.949
17.6 134.757
17.61 158.996
17.62 181.521
17.63 202.079
17.64 220.305
17.65 236.107
17.66 249.096
17.67 259.349
17.68 266.59
17.69 270.798
17.7 272.094
17.71 270.226
17.72 265.347
17.73 257.374
17.74 246.429
17.75 232.715
17.76 216.588
17.77 197.946
17.78 177.015
17.79 154.105
17.8 129.374
17.81 103.27
17.82 75.9237
17.83 47.7975
17.84 19.1337
17.85 -9.89411
17.86 -38.7349
17.87 -67.1398
17.88 -94.7561
17.89 -121.301
17.9 -146.452
17.91 -169.953
17.92 -191.534
17.93 -210.995
17.94 -227.899
17.95 -242.386
17.96 -254.103
17.97 -262.965
17.98 -268.897
17.99 -271.729
18 -271.471
18.01 -268.069
18.02 -261.761
18.03 -252.485
18.04 -240.3
18.05 -225.324
18.06 -207.763
18.07 -188.012
18.08 -166.046
18.09 -142.315
18.1 -116.898
18.11 -90.1903
18.12 -62.4789
18.13 -34.0015
18.14 -5.24791
18.15 23.7744
18.16 52.4912
18.17 80.4739
18.18 107.666
18.19 133.592
18.2 158.03
18.21 180.678
18.22 201.245
18.23 219.556
18.24 235.353
18.25 248.424
18.26 258.788
18.27 266.243
18.28 270.642
18.29 272.112
18.3 270.406
18.31 265.565
18.32 257.836
18.33 247.214
18.34 233.767
18.35 217.581
18.36 198.845
18.37 177.981
18.38 155.041
18.39 130.518
18.4 104.44
18.41 77.1428
18.42 49.0511
18.43 20.3248
18.44 -8.6507
18.45 -37.4828
18.46 -65.9911
18.47 -93.6764
18.48 -120.255
18.49 -145.536
18.5 -169.253
18.51 -191.107
18.52 -210.762
18.53 -227.919
18.54 -242.442
18.55 -254.316
18.56 -263.247
18.57 -269.276
18.58 -272.333
18.59 -272.286
18.6 -269.056
18.61 -262.852
18.62 -253.531
18.63 -241.516
18.64 -226.827
18.65 -209.528
18.66 -189.837
18.67 -167.745
18.68 -143.773
18.69 -118.411
18.7 -91.8796
18.71 -64.1349
18.72 -35.5666
18.73 -6.49162
18.74 22.6516
18.75 51.3353
18.76 79.478
18.77 106.648
18.78 132.74
18.79 157.359
18.8 180.217
18.81 201.016
18.82 219.577
18.83 235.699
18.84 248.991
18.85 259.432
18.86 267.04
18.87 271.785
18.88 273.451
18.89 271.948
18.9 267.169
18.91 259.438
18.92 248.889
18.93 235.655
18.94 219.732
18.95 201.183
18.96 180.27
18.97 157.344
18.98 132.814
18.99 106.722
19 79.3815
19.01 51.063
19.02 22.0874
19.03 -6.97075
19.04 -35.9774
19.05 -64.5769
19.06 -92.523
19.07 -119.476
19.08 -144.947
19.09 -168.739
19.1 -190.671
19.11 -210.543
19.12 -228.086
19.13 -243.135
19.14 -255.268
19.15 -264.436
19.16 -270.673
19.17 -273.879
19.18 -274.174
19.19 -271.266
19.2 -265.152
19.21 -256.07
19.22 -244.111
19.23 -229.343
19.24 -212.14
19.25 -192.488
19.26 -170.583
19.27 -146.831
19.28 -121.253
19.29 -94.4954
19.3 -66.5871
19.31 -38.0605
19.32 -8.98404
19.33 20.3006
19.34 49.355
19.35 77.8337
19.36 105.375
19.37 131.73
19.38 156.632
19.39 179.797
19.4 200.926
19.41 219.786
19.42 236.043
19.43 249.802
19.44 260.712
19.45 268.686
19.46 273.532
19.47 275.395
19.48 274.08
19.49 269.766
19.5 262.474
19.51 252.11
19.52 238.698
19.53 222.745
19.54 204.352
19.55 183.672
19.56 160.855
19.57 136.106
19.58 109.858
19.59 82.4675
19.6 54.2115
19.61 25.2542
19.62 -4.06653
19.63 -33.417
19.64 -62.3096
19.65 -90.49
19.66 -117.626
19.67 -143.583
19.68 -167.925
19.69 -190.311
19.7 -210.413
19.71 -228.223
19.72 -243.495
19.73 -255.985
19.74 -265.689
19.75 -272.266
19.76 -275.85
19.77 -276.345
19.78 -273.759
19.79 -267.977
19.8 -259.244
19.81 -247.618
19.82 -233.107
19.83 -216.078
19.84 -196.539
19.85 -174.711
19.86 -150.874
19.87 -125.308
19.88 -98.4086
19.89 -70.4466
19.9 -41.8006
19.91 -12.4121
19.92 17.07
19.93 46.2771
19.94 74.9967
19.95 102.821
19.96 129.513
19.97 154.822
19.98 178.433
19.99 200.003
20 219.297
20.01 236.155
20.02 250.348
20.03 261.626
20.04 270.074
20.05 275.412
20.06 277.631
20.07 276.733
20.08 272.752
20.09 265.758
20.1 255.601
20.11 242.692
20.12 226.938
20.13 208.789
20.14 188.297
20.15 165.615
20.16 140.939
20.17 114.563
20.18 87.1129
20.19 58.6305
20.2 29.5725
20.21 -0.0169962
20.22 -29.5993
20.23 -58.775
20.24 -87.3315
20.25 -114.783
20.26 -140.999
20.27 -165.685
20.28 -188.521
20.29 -209.285
20.3 -227.542
20.31 -243.501
20.32 -256.477
20.33 -266.746
20.34 -273.886
20.35 -277.883
20.36 -278.888
20.37 -276.788
20.38 -271.479
20.39 -263.015
20.4 -251.55
20.41 -237.432
20.42 -220.702
20.43 -201.333
20.44 -179.71
20.45 -155.988
20.46 -130.543
20.47 -103.776
20.48 -75.8411
20.49 -46.7851
20.5 -17.3245
20.51 12.4185
20.52 41.8896
20.53 70.9918
20.54 99.2379
20.55 126.373
20.56 152.13
20.57 176.137
20.58 198.174
20.59 217.97
20.6 235.444
20.61 250.103
20.62 261.998
20.63 270.988
20.64 276.899
20.65 279.792
20.66 279.486
20.67 275.997
20.68 269.302
20.69 259.567
20.7 247.087
20.71 231.737
20.72 213.909
20.73 193.616
20.74 170.926
20.75 146.404
20.76 120.386
20.77 92.9953
20.78 64.5258
20.79 35.1791
20.8 5.39901
20.81 -24.4374
20.82 -53.8758
20.83 -82.727
20.84 -110.774
20.85 -137.577
20.86 -162.76
20.87 -186.016
20.88 -207.22
20.89 -226.121
20.9 -242.511
20.91 -256.33
20.92 -267.038
20.93 -274.852
20.94 -279.52
20.95 -281.172
20.96 -279.548
20.97 -274.819
20.98 -266.953
20.99 -256.062
21 -242.404
21.01 -225.841
21.02 -206.804
21.03 -185.298
21.04 -161.879
21.05 -136.668
21.06 -109.853
21.07 -81.9058
21.08 -52.8332
21.09 -23.2189
21.1 6.61918
21.11 36.4063
21.12 65.7601
21.13 94.4321
21.14 122.025
21.15 148.272
21.16 172.837
21.17 195.435
21.18 215.901
21.19 233.817
21.2 249.217
21.21 261.747
21.22 271.464
21.23 278.035
21.24 281.401
21.25 281.714
21.26 278.916
21.27 272.814
21.28 263.844
21.29 251.713
21.3 236.738
21.31 219.274
21.32 199.239
21.33 177.036
21.34 152.627
21.35 126.718
21.36 99.2103
21.37 70.7519
21.38 41.4476
21.39 11.6599
21.4 -18.4364
21.41 -48.2479
21.42 -77.3328
21.43 -105.707
21.44 -132.872
21.45 -158.586
21.46 -182.523
21.47 -204.349
21.48 -223.831
21.49 -240.897
21.5 -255.325
21.51 -266.804
21.52 -275.22
21.53 -280.59
21.54 -282.82
21.55 -281.91
21.56 -277.848
21.57 -270.549
21.58 -260.163
21.59 -246.886
21.6 -230.886
21.61 -212.411
21.62 -191.337
21.63 -168.144
21.64 -142.889
21.65 -116.315
21.66 -88.4317
21.67 -59.5361
21.68 -29.8142
21.69 0.165713
21.7 30.2795
21.71 59.8209
21.72 88.829
21.73 116.848
21.74 143.54
21.75 168.597
21.76 191.739
21.77 212.807
21.78 231.521
21.79 247.592
21.8 260.721
21.81 270.982
21.82 278.269
21.83 282.427
21.84 283.504
21.85 281.206
21.86 275.776
21.87 267.294
21.88 255.903
21.89 241.634
21.9 224.543
21.91 204.962
21.92 182.917
21.93 158.957
21.94 133.07
21.95 105.889
21.96 77.4213
21.97 48.1708
21.98 18.2359
21.99 -11.9731
22 -41.9473
22.01 -71.4538
22.02 -99.9902
22.03 -127.473
22.04 -153.629
22.05 -178.139
22.06 -200.638
22.07 -220.873
22.08 -238.503
22.09 -253.465
22.1 -265.552
22.11 -274.809
22.12 -281.004
22.13 -283.806
22.14 -283.474
22.15 -279.852
22.16 -273.241
22.17 -263.634
22.18 -251.065
22.19 -235.579
22.2 -217.491
22.21 -196.84
22.22 -174.021
22.23 -149.385
22.24 -123.006
22.25 -95.2394
22.26 -66.2144
22.27 -36.6194
22.28 -6.3886
22.29 23.7548
22.3 53.5295
22.31 82.7109
22.32 111.077
22.33 138.174
22.34 163.689
22.35 187.327
22.36 208.836
22.37 228.028
22.38 244.72
22.39 258.727
22.4 269.849
22.41 277.738
22.42 282.545
22.43 284.192
22.44 282.708
22.45 278.12
22.46 270.339
22.47 259.446
22.48 245.607
22.49 229.051
22.5 209.983
22.51 188.551
22.52 165.05
22.53 139.445
22.54 112.308
22.55 84.1124
22.56 54.8785
22.57 25.092
22.58 -5.14696
22.59 -35.2724
22.6 -64.9329
22.61 -93.8355
22.62 -121.71
22.63 -148.292
22.64 -173.233
22.65 -196.154
22.66 -216.843
22.67 -235.057
22.68 -250.831
22.69 -263.718
22.7 -273.542
22.71 -280.254
22.72 -283.768
22.73 -284.273
22.74 -281.513
22.75 -275.619
22.76 -266.415
22.77 -254.361
22.78 -239.54
22.79 -222.053
22.8 -202.103
22.81 -179.611
22.82 -155.061
22.83 -128.977
22.84 -101.488
22.85 -72.978
22.86 -43.4596
22.87 -13.231
22.88 17.1511
22.89 47.1282
22.9 76.4263
22.91 104.837
22.92 132.248
22.93 158.303
22.94 182.538
22.95 204.563
22.96 224.133
22.97 241.332
22.98 255.966
22.99 267.738
23 276.462
23.01 281.934
23.02 284.329
23.03 283.579
23.04 279.558
23.05 272.277
23.06 261.998
23.07 248.817
23.08 232.9
23.09 214.331
23.1 193.251
23.11 169.967
23.12 144.996
23.13 118.454
23.14 90.573
23.15 61.5276
23.16 31.6622
23.17 1.51816
23.18 -28.5923
23.19 -58.3544
23.2 -87.4634
23.21 -115.82
23.22 -142.803
23.23 -168.053
23.24 -191.301
23.25 -212.369
23.26 -231.15
23.27 -247.382
23.28 -260.771
23.29 -271.305
23.3 -278.672
23.31 -283.125
23.32 -284.249
23.33 -282.046
23.34 -276.867
23.35 -268.587
23.36 -257.16
23.37 -242.891
23.38 -225.784
23.39 -206.103
23.4 -184.166
23.41 -160.225
23.42 -134.582
23.43 -107.332
23.44 -78.8944
23.45 -49.6706
23.46 -19.6695
23.47 10.4299
23.48 40.3422
23.49 69.9376
23.5 98.7399
23.51 126.444
23.52 152.704
23.53 177.206
23.54 199.654
23.55 219.888
23.56 237.654
23.57 252.766
23.58 264.954
23.59 274.269
23.6 280.424
23.61 283.412
23.62 283.363
23.63 280.037
23.64 273.501
23.65 263.998
23.66 251.523
23.67 236.059
23.68 218.029
23.69 197.526
23.7 174.792
23.71 150.083
23.72 123.774
23.73 96.1121
23.74 67.2566
23.75 37.7625
23.76 7.87747
23.77 -22.2833
23.78 -52.0386
23.79 -81.3623
23.8 -109.657
23.81 -136.785
23.82 -162.373
23.83 -186.104
23.84 -207.702
23.85 -226.951
23.86 -243.6
23.87 -257.553
23.88 -268.713
23.89 -276.725
23.9 -281.535
23.91 -283.312
23.92 -281.995
23.93 -277.469
23.94 -269.863
23.95 -258.982
23.96 -245.288
23.97 -228.91
23.98 -209.879
23.99 -188.541
24 -164.951
24.01 -139.573
24.02 -112.625
24.03 -84.3842
24.04 -55.3443
24.05 -25.7605
24.06 4.23125
24.07 34.1495
24.08 63.7427
24.09 92.6777
24.1 120.565
24.11 146.94
24.12 171.648
24.13 194.516
24.14 215.269
24.15 233.591
24.16 249.34
24.17 262.085
24.18 271.796
24.19 278.411
24.2 282.095
24.21 282.799
24.22 280.056
24.23 274.258
24.24 265.144
24.25 253.216
24.26 238.447
24.27 221.206
24.28 201.4
24.29 179.158
24.3 154.791
24.31 128.678
24.32 101.287
24.33 72.9832
24.34 43.6488
24.35 13.7289
24.36 -16.3107
24.37 -46.3046
24.38 -75.5092
24.39 -103.779
24.4 -130.963
24.41 -156.789
24.42 -180.891
24.43 -202.888
24.44 -222.692
24.45 -239.754
24.46 -254.134
24.47 -265.793
24.48 -274.513
24.49 -280.057
24.5 -282.486
24.51 -281.559
24.52 -277.516
24.53 -270.378
24.54 -260.378
24.55 -247.295
24.56 -231.483
24.57 -213.013
24.58 -192.01
24.59 -169.014
24.6 -144.135
24.61 -117.7
24.62 -89.9148
24.63 -60.9116
24.64 -31.2769
24.65 -1.37203
24.66 28.4869
24.67 57.9707
24.68 86.9118
24.69 114.886
24.7 141.614
24.71 166.669
24.72 189.758
24.73 210.682
24.74 229.359
24.75 245.483
24.76 258.777
24.77 269.119
24.78 276.578
24.79 280.87
24.8 281.845
24.81 279.772
24.82 274.479
24.83 266.115
24.84 254.93
24.85 240.703
24.86 223.794
24.87 204.207
24.88 182.526
24.89 158.837
24.9 133.3
24.91 106.257
24.92 77.9913
24.93 48.8378
24.94 19.2226
24.95 -10.6079
24.96 -40.4119
24.97 -69.7749
24.98 -98.3116
24.99 -125.697
25 -151.676
25.01 -175.995
25.02 -198.365
25.03 -218.469
25.04 -236.049
25.05 -250.955
25.06 -263.015
25.07 -272.156
25.08 -278.286
25.09 -281.221
25.1 -280.958
25.11 -277.55
25.12 -270.959
25.13 -261.322
25.14 -248.92
25.15 -233.611
25.16 -215.773
25.17 -195.314
25.18 -172.739
25.19 -148.203
25.2 -121.981
25.21 -94.5746
25.22 -65.9387
25.23 -36.4682
25.24 -6.74301
25.25 23.042
25.26 52.6208
25.27 81.6388
25.28 109.669
25.29 136.472
25.3 161.714
25.31 185.132
25.32 206.485
25.33 225.605
25.34 242.081
25.35 255.793
25.36 266.602
25.37 274.493
25.38 279.403
25.39 281.015
25.4 279.447
25.41 274.764
25.42 266.958
25.43 256.278
25.44 242.557
25.45 226.059
25.46 207.157
25.47 185.864
25.48 162.62
25.49 137.423
25.5 110.643
25.51 82.5128
25.52 53.6614
25.53 24.2078
25.54 -5.55372
25.55 -35.2538
25.56 -64.5841
25.57 -93.3556
25.58 -120.876
25.59 -147.012
25.6 -171.476
25.61 -194.029
25.62 -214.416
25.63 -232.43
25.64 -247.93
25.65 -260.363
25.66 -269.943
25.67 -276.555
25.68 -279.945
25.69 -280.361
25.7 -277.644
25.71 -271.664
25.72 -262.519
25.73 -250.417
25.74 -235.569
25.75 -218.258
25.76 -198.345
25.77 -176.218
25.78 -151.855
25.79 -126.022
25.8 -98.6738
25.81 -70.4248
25.82 -41.431
25.83 -11.7648
25.84 18.1156
25.85 47.8321
25.86 76.7767
25.87 104.807
25.88 131.694
25.89 157.216
25.9 181.076
25.91 202.902
25.92 222.22
25.93 238.905
25.94 252.972
25.95 264.384
25.96 272.742
25.97 278.035
25.98 280.219
25.99 279.098
26 274.809
26.01 267.6
26.02 257.407
26.03 244.417
26.04 228.469
26.05 209.851
26.06 188.956
26.07 165.865
26.08 141.11
26.09 114.708
26.1 86.9393
26.11 58.2089
26.12 28.7578
26.13 -1.0677
26.14 -30.7238
26.15 -59.9452
26.16 -88.5187
26.17 -116.138
26.18 -142.563
26.19 -167.44
26.2 -190.342
26.21 -210.914
26.22 -229.206
26.23 -244.85
26.24 -258.007
26.25 -268.122
26.26 -275.178
26.27 -279.142
26.28 -279.823
26.29 -277.442
26.3 -272.039
26.31 -263.514
26.32 -251.95
26.33 -237.52
26.34 -220.569
26.35 -201.023
26.36 -179.213
26.37 -155.494
26.38 -129.977
26.39 -102.913
26.4 -74.8007
26.41 -45.769
26.42 -16.1217
26.43 13.5451
26.44 43.0815
26.45 72.1394
26.46 100.442
26.47 127.57
26.48 153.254
26.49 177.189
26.5 199.116
26.51 218.813
26.52 236.095
26.53 250.578
26.54 262.291
26.55 271.198
26.56 276.873
26.57 279.526
26.58 279.012
26.59 275.267
26.6 268.527
26.61 258.755
26.62 246.018
26.63 230.45
26.64 212.298
26.65 191.936
26.66 169.289
26.67 144.673
26.68 118.589
26.69 91.0761
26.7 62.4275
26.71 33.2806
26.72 3.62064
26.73 -26.0065
26.74 -55.4151
26.75 -84.2071
26.76 -112.02
26.77 -138.556
26.78 -163.488
26.79 -186.606
26.8 -207.721
26.81 -226.358
26.82 -242.495
26.83 -255.882
26.84 -266.351
26.85 -273.876
26.86 -278.29
26.87 -279.58
26.88 -277.76
26.89 -272.741
26.9 -264.694
26.91 -253.573
26.92 -239.548
26.93 -222.84
26.94 -203.684
26.95 -182.29
26.96 -158.954
26.97 -133.722
26.98 -106.841
26.99 -78.7825
27 -50.0344
27.01 -20.7153
27.02 8.88138
27.03 38.5519
27.04 67.8429
27.05 96.2234
27.06 123.481
27.07 149.344
27.08 173.598
27.09 195.902
27.1 215.873
27.11 233.357
27.12 248.212
27.13 260.411
27.14 269.718
27.15 275.882
27.16 278.885
27.17 278.941
27.18 275.854
27.19 269.718
27.2 260.373
27.21 247.826
27.22 232.649
27.23 215.003
27.24 194.986
27.25 172.752
27.26 148.25
27.27 122.164
27.28 94.8107
27.29 66.7082
27.3 37.7911
27.31 8.28962
27.32 -21.4884
27.33 -51.1098
27.34 -79.9059
27.35 -107.776
27.36 -134.442
27.37 -159.721
27.38 -183.272
27.39 -204.727
27.4 -223.754
27.41 -240.138
27.42 -253.83
27.43 -264.787
27.44 -272.685
27.45 -277.612
27.46 -279.279
27.47 -277.96
27.48 -273.572
27.49 -265.899
27.5 -255.279
27.51 -241.751
27.52 -225.553
27.53 -206.873
27.54 -185.819
27.55 -162.544
27.56 -137.343
27.57 -110.733
27.58 -82.993
27.59 -54.2915
27.6 -24.9646
27.61 4.81502
27.62 34.4101
27.63 63.4886
27.64 91.8436
27.65 119.247
27.66 145.405
27.67 169.939
27.68 192.498
27.69 212.869
27.7 230.781
27.71 246.147
27.72 258.799
27.73 268.605
27.74 275.119
27.75 278.731
27.76 279.077
27.77 276.343
27.78 270.484
27.79 261.698
27.8 249.918
27.81 235.133
27.82 217.813
27.83 198.055
27.84 176.087
27.85 152.115
27.86 126.463
27.87 99.2477
27.88 71.055
27.89 41.9487
27.9 12.4373
27.91 -17.1104
27.92 -46.5442
27.93 -75.4634
27.94 -103.633
27.95 -130.582
27.96 -156.025
27.97 -179.675
27.98 -201.343
27.99 -220.796
28 -237.874
28.01 -252.077
28.02 -263.409
28.03 -271.749
28.04 -277.019
28.05 -279.343
28.06 -278.415
28.07 -274.489
28.08 -267.247
28.09 -257.106
28.1 -243.973
28.11 -228.256
28.12 -209.974
28.13 -189.271
28.14 -166.348
28.15 -141.468
28.16 -115.09
28.17 -87.3917
28.18 -58.8699
28.19 -29.5826
28.2 0.111045
28.21 29.7429
28.22 59.07
28.23 87.6583
28.24 115.206
28.25 141.443
28.26 166.166
28.27 189.086
28.28 209.958
28.29 228.498
28.3 244.239
28.31 257.308
28.32 267.305
28.33 274.515
28.34 278.64
28.35 279.586
28.36 277.195
28.37 271.844
28.38 263.333
28.39 252.046
28.4 237.788
28.41 220.927
28.42 201.547
28.43 179.917
28.44 156.251
28.45 130.735
28.46 103.769
28.47 75.6685
28.48 46.7024
28.49 17.2056
28.5 -12.5707
28.51 -42.264
28.52 -71.3617
28.53 -99.4865
28.54 -126.498
28.55 -152.202
28.56 -176.297
28.57 -198.418
28.58 -218.275
28.59 -235.417
28.6 -250.065
28.61 -262.06
28.62 -271.011
28.63 -276.901
28.64 -279.561
28.65 -279.203
28.66 -275.528
28.67 -268.976
28.68 -259.196
28.69 -246.579
28.7 -231.088
28.71 -213.171
28.72 -192.843
28.73 -170.152
28.74 -145.751
28.75 -119.537
28.76 -92.0355
28.77 -63.6277
28.78 -34.4117
28.79 -4.64424
28.8 25.0818
28.81 54.539
28.82 83.1958
28.83 111.033
28.84 137.625
28.85 162.748
28.86 186.02
28.87 207.104
28.88 225.868
28.89 242.094
28.9 255.664
28.91 266.309
28.92 273.944
28.93 278.556
28.94 279.891
28.95 278.232
28.96 273.367
28.97 265.374
28.98 254.507
28.99 240.648
29 224.212
29.01 205.101
29.02 183.781
29.03 160.36
29.04 135.097
29.05 108.379
29.06 80.3135
29.07 51.4433
29.08 21.9332
29.09 -7.68643
29.1 -37.4329
29.11 -66.6452
29.12 -95.1217
29.13 -122.52
29.14 -148.462
29.15 -172.769
29.16 -195.187
29.17 -215.459
29.18 -233.244
29.19 -248.371
29.2 -260.743
29.21 -270.154
29.22 -276.56
29.23 -279.813
29.24 -279.919
29.25 -276.802
29.26 -270.666
29.27 -261.577
29.28 -249.33
29.29 -234.192
29.3 -216.546
29.31 -196.413
29.32 -174.266
29.33 -150.113
29.34 -124.118
29.35 -96.7056
29.36 -68.2585
29.37 -39.2168
29.38 -9.64102
29.39 20.1282
29.4 49.6647
29.41 78.7479
29.42 106.73
29.43 133.533
29.44 158.917
29.45 182.614
29.46 204.188
29.47 223.373
29.48 240.058
29.49 253.943
29.5 265.114
29.51 273.217
29.52 278.429
29.53 280.352
29.54 279.139
29.55 274.826
29.56 267.348
29.57 256.842
29.58 243.592
29.59 227.468
29.6 208.737
29.61 187.742
29.62 164.619
29.63 139.618
29.64 112.989
29.65 85.1254
29.66 56.4372
29.67 27.0733
29.68 -2.74733
29.69 -32.4003
29.7 -61.9436
29.71 -90.4876
29.72 -118.113
29.73 -144.384
29.74 -169.111
29.75 -191.971
29.76 -212.603
29.77 -230.859
29.78 -246.354
29.79 -259.15
29.8 -269.165
29.81 -276.047
29.82 -279.88
29.83 -280.407
29.84 -277.955
29.85 -272.355
29.86 -263.666
29.87 -251.955
29.88 -237.351
29.89 -220.216
29.9 -200.491
29.91 -178.593
29.92 -154.47
29.93 -128.696
29.94 -101.611
29.95 -73.4429
29.96 -44.3535
29.97 -14.5805
29.98 15.2389
29.99 44.8455
30 73.8503
