0.01 162.356
0.02 162.362
0.03 162.374
0.04 162.391
0.05 162.415
0.06 162.446
0.07 162.487
0.08 162.538
0.09 162.595
0.1 162.654
0.11 162.71
0.12 162.761
0.13 162.808
0.14 162.85
0.15 162.885
0.16 162.912
0.17 162.93
0.18 162.94
0.19 162.942
0.2 162.938
0.21 162.926
0.22 162.903
0.23 162.868
0.24 162.82
0.25 162.757
0.26 162.68
0.27 162.59
0.28 162.489
0.29 162.379
0.3 162.261
0.31 162.139
0.32 162.014
0.33 161.889
0.34 161.765
0.35 161.642
0.36 161.52
0.37 161.401
0.38 161.286
0.39 161.178
0.4 161.079
0.41 160.992
0.42 160.919
0.43 160.862
0.44 160.823
0.45 160.804
0.46 160.806
0.47 160.828
0.48 160.87
0.49 160.931
0.5 161.01
0.51 161.107
0.52 161.222
0.53 161.354
0.54 161.504
0.55 161.669
0.56 161.849
0.57 162.043
0.58 162.248
0.59 162.46
0.6 162.678
0.61 162.896
0.62 163.113
0.63 163.325
0.64 163.529
0.65 163.724
0.66 163.907
0.67 164.076
0.68 164.23
0.69 164.366
0.7 164.482
0.71 164.577
0.72 164.647
0.73 164.691
0.74 164.708
0.75 164.696
0.76 164.654
0.77 164.585
0.78 164.487
0.79 164.362
0.8 164.213
0.81 164.04
0.82 163.846
0.83 163.632
0.84 163.4
0.85 163.152
0.86 162.89
0.87 162.617
0.88 162.337
0.89 162.051
0.9 161.765
0.91 161.482
0.92 161.205
0.93 160.939
0.94 160.687
0.95 160.451
0.96 160.234
0.97 160.04
0.98 159.869
0.99 159.725
1 159.608
1.01 159.521
1.02 159.465
1.03 159.441
1.04 159.451
1.05 159.494
1.06 159.571
1.07 159.681
1.08 159.823
1.09 159.995
1.1 160.195
1.11 160.421
1.12 160.67
1.13 160.939
1.14 161.226
1.15 161.527
1.16 161.84
1.17 162.162
1.18 162.488
1.19 162.815
1.2 163.14
1.21 163.458
1.22 163.766
1.23 164.059
1.24 164.334
1.25 164.589
1.26 164.818
1.27 165.022
1.28 165.196
1.29 165.34
1.3 165.452
1.31 165.53
1.32 165.574
1.33 165.582
1.34 165.555
1.35 165.492
1.36 165.395
1.37 165.262
1.38 165.098
1.39 164.902
1.4 164.677
1.41 164.426
1.42 164.153
1.43 163.859
1.44 163.549
1.45 163.225
1.46 162.89
1.47 162.55
1.48 162.206
1.49 161.864
1.5 161.525
1.51 161.195
1.52 160.877
1.53 160.575
1.54 160.292
1.55 160.031
1.56 159.795
1.57 159.587
1.58 159.409
1.59 159.263
1.6 159.149
1.61 159.07
1.62 159.026
1.63 159.017
1.64 159.043
1.65 159.105
1.66 159.202
1.67 159.333
1.68 159.496
1.69 159.69
1.7 159.912
1.71 160.161
1.72 160.432
1.73 160.723
1.74 161.031
1.75 161.353
1.76 161.685
1.77 162.023
1.78 162.365
1.79 162.707
1.8 163.045
1.81 163.375
1.82 163.695
1.83 164
1.84 164.288
1.85 164.555
1.86 164.799
1.87 165.017
1.88 165.207
1.89 165.367
1.9 165.495
1.91 165.591
1.92 165.654
1.93 165.682
1.94 165.676
1.95 165.636
1.96 165.562
1.97 165.455
1.98 165.316
1.99 165.147
2 164.949
2.01 164.724
2.02 164.475
2.03 164.205
2.04 163.917
2.05 163.612
2.06 163.296
2.07 162.97
2.08 162.637
2.09 162.303
2.1 161.969
2.11 161.639
2.12 161.316
2.13 161.004
2.14 160.705
2.15 160.424
2.16 160.162
2.17 159.923
2.18 159.708
2.19 159.521
2.2 159.362
2.21 159.233
2.22 159.136
2.23 159.071
2.24 159.039
2.25 159.04
2.26 159.075
2.27 159.142
2.28 159.242
2.29 159.374
2.3 159.535
2.31 159.725
2.32 159.942
2.33 160.183
2.34 160.446
2.35 160.729
2.36 161.028
2.37 161.341
2.38 161.664
2.39 161.995
2.4 162.33
2.41 162.666
2.42 162.999
2.43 163.327
2.44 163.645
2.45 163.952
2.46 164.242
2.47 164.515
2.48 164.766
2.49 164.994
2.5 165.196
2.51 165.369
2.52 165.513
2.53 165.626
2.54 165.706
2.55 165.752
2.56 165.765
2.57 165.743
2.58 165.687
2.59 165.597
2.6 165.474
2.61 165.319
2.62 165.133
2.63 164.919
2.64 164.678
2.65 164.412
2.66 164.125
2.67 163.819
2.68 163.497
2.69 163.162
2.7 162.817
2.71 162.467
2.72 162.113
2.73 161.761
2.74 161.413
2.75 161.074
2.76 160.746
2.77 160.432
2.78 160.137
2.79 159.864
2.8 159.615
2.81 159.392
2.82 159.199
2.83 159.038
2.84 158.909
2.85 158.816
2.86 158.758
2.87 158.737
2.88 158.754
2.89 158.807
2.9 158.897
2.91 159.024
2.92 159.185
2.93 159.381
2.94 159.608
2.95 159.864
2.96 160.148
2.97 160.456
2.98 160.785
2.99 161.133
3 161.494
3.01 161.867
3.02 162.246
3.03 162.629
3.04 163.011
3.05 163.387
3.06 163.755
3.07 164.11
3.08 164.448
3.09 164.766
3.1 165.061
3.11 165.328
3.12 165.565
3.13 165.769
3.14 165.938
3.15 166.071
3.16 166.165
3.17 166.219
3.18 166.232
3.19 166.204
3.2 166.136
3.21 166.027
3.22 165.878
3.23 165.691
3.24 165.468
3.25 165.211
3.26 164.923
3.27 164.605
3.28 164.262
3.29 163.898
3.3 163.515
3.31 163.119
3.32 162.712
3.33 162.3
3.34 161.887
3.35 161.477
3.36 161.075
3.37 160.684
3.38 160.311
3.39 159.957
3.4 159.629
3.41 159.328
3.42 159.058
3.43 158.823
3.44 158.625
3.45 158.467
3.46 158.35
3.47 158.276
3.48 158.245
3.49 158.259
3.5 158.317
3.51 158.419
3.52 158.564
3.53 158.75
3.54 158.976
3.55 159.24
3.56 159.538
3.57 159.867
3.58 160.224
3.59 160.606
3.6 161.007
3.61 161.424
3.62 161.853
3.63 162.287
3.64 162.724
3.65 163.158
3.66 163.584
3.67 163.998
3.68 164.395
3.69 164.77
3.7 165.12
3.71 165.441
3.72 165.728
3.73 165.979
3.74 166.192
3.75 166.362
3.76 166.489
3.77 166.571
3.78 166.608
3.79 166.597
3.8 166.541
3.81 166.438
3.82 166.291
3.83 166.1
3.84 165.869
3.85 165.598
3.86 165.292
3.87 164.953
3.88 164.585
3.89 164.193
3.9 163.78
3.91 163.351
3.92 162.911
3.93 162.464
3.94 162.016
3.95 161.571
3.96 161.135
3.97 160.712
3.98 160.307
3.99 159.924
4 159.568
4.01 159.242
4.02 158.95
4.03 158.696
4.04 158.482
4.05 158.31
4.06 158.183
4.07 158.102
4.08 158.068
4.09 158.08
4.1 158.14
4.11 158.245
4.12 158.396
4.13 158.59
4.14 158.826
4.15 159.1
4.16 159.41
4.17 159.751
4.18 160.121
4.19 160.516
4.2 160.93
4.21 161.359
4.22 161.799
4.23 162.244
4.24 162.69
4.25 163.132
4.26 163.564
4.27 163.983
4.28 164.383
4.29 164.761
4.3 165.111
4.31 165.431
4.32 165.716
4.33 165.964
4.34 166.171
4.35 166.337
4.36 166.458
4.37 166.534
4.38 166.564
4.39 166.548
4.4 166.486
4.41 166.378
4.42 166.227
4.43 166.033
4.44 165.799
4.45 165.529
4.46 165.224
4.47 164.888
4.48 164.525
4.49 164.139
4.5 163.735
4.51 163.317
4.52 162.889
4.53 162.457
4.54 162.024
4.55 161.597
4.56 161.179
4.57 160.775
4.58 160.389
4.59 160.026
4.6 159.69
4.61 159.384
4.62 159.112
4.63 158.876
4.64 158.678
4.65 158.522
4.66 158.408
4.67 158.337
4.68 158.311
4.69 158.329
4.7 158.391
4.71 158.496
4.72 158.642
4.73 158.829
4.74 159.054
4.75 159.314
4.76 159.606
4.77 159.927
4.78 160.273
4.79 160.641
4.8 161.027
4.81 161.425
4.82 161.832
4.83 162.243
4.84 162.654
4.85 163.059
4.86 163.456
4.87 163.839
4.88 164.205
4.89 164.548
4.9 164.867
4.91 165.157
4.92 165.415
4.93 165.639
4.94 165.826
4.95 165.975
4.96 166.084
4.97 166.151
4.98 166.177
4.99 166.162
5 166.105
5.01 166.007
5.02 165.87
5.03 165.696
5.04 165.486
5.05 165.243
5.06 164.969
5.07 164.669
5.08 164.344
5.09 164
5.1 163.639
5.11 163.265
5.12 162.884
5.13 162.498
5.14 162.112
5.15 161.731
5.16 161.358
5.17 160.998
5.18 160.654
5.19 160.33
5.2 160.029
5.21 159.755
5.22 159.51
5.23 159.297
5.24 159.118
5.25 158.975
5.26 158.869
5.27 158.801
5.28 158.772
5.29 158.782
5.3 158.83
5.31 158.917
5.32 159.04
5.33 159.198
5.34 159.39
5.35 159.613
5.36 159.865
5.37 160.142
5.38 160.442
5.39 160.762
5.4 161.097
5.41 161.445
5.42 161.801
5.43 162.161
5.44 162.522
5.45 162.879
5.46 163.229
5.47 163.568
5.48 163.893
5.49 164.2
5.5 164.485
5.51 164.746
5.52 164.98
5.53 165.185
5.54 165.358
5.55 165.499
5.56 165.604
5.57 165.674
5.58 165.708
5.59 165.706
5.6 165.667
5.61 165.593
5.62 165.484
5.63 165.341
5.64 165.167
5.65 164.964
5.66 164.732
5.67 164.477
5.68 164.199
5.69 163.902
5.7 163.59
5.71 163.266
5.72 162.933
5.73 162.596
5.74 162.257
5.75 161.92
5.76 161.59
5.77 161.269
5.78 160.961
5.79 160.669
5.8 160.397
5.81 160.147
5.82 159.922
5.83 159.724
5.84 159.555
5.85 159.418
5.86 159.312
5.87 159.24
5.88 159.202
5.89 159.198
5.9 159.229
5.91 159.293
5.92 159.391
5.93 159.52
5.94 159.679
5.95 159.867
5.96 160.081
5.97 160.319
5.98 160.579
5.99 160.857
6 161.15
6.01 161.455
6.02 161.769
6.03 162.088
6.04 162.409
6.05 162.729
6.06 163.043
6.07 163.348
6.08 163.642
6.09 163.921
6.1 164.181
6.11 164.421
6.12 164.638
6.13 164.829
6.14 164.992
6.15 165.125
6.16 165.228
6.17 165.3
6.18 165.338
6.19 165.344
6.2 165.318
6.21 165.259
6.22 165.168
6.23 165.047
6.24 164.896
6.25 164.718
6.26 164.515
6.27 164.289
6.28 164.042
6.29 163.778
6.3 163.498
6.31 163.207
6.32 162.908
6.33 162.603
6.34 162.296
6.35 161.991
6.36 161.692
6.37 161.4
6.38 161.12
6.39 160.854
6.4 160.606
6.41 160.377
6.42 160.172
6.43 159.991
6.44 159.836
6.45 159.71
6.46 159.614
6.47 159.548
6.48 159.514
6.49 159.511
6.5 159.54
6.51 159.6
6.52 159.691
6.53 159.81
6.54 159.958
6.55 160.132
6.56 160.33
6.57 160.55
6.58 160.789
6.59 161.045
6.6 161.315
6.61 161.596
6.62 161.884
6.63 162.177
6.64 162.471
6.65 162.762
6.66 163.048
6.67 163.326
6.68 163.592
6.69 163.843
6.7 164.077
6.71 164.29
6.72 164.482
6.73 164.649
6.74 164.79
6.75 164.903
6.76 164.987
6.77 165.041
6.78 165.065
6.79 165.058
6.8 165.021
6.81 164.954
6.82 164.857
6.83 164.733
6.84 164.583
6.85 164.408
6.86 164.21
6.87 163.992
6.88 163.756
6.89 163.505
6.9 163.242
6.91 162.969
6.92 162.691
6.93 162.409
6.94 162.128
6.95 161.85
6.96 161.579
6.97 161.318
6.98 161.069
6.99 160.835
7 160.62
7.01 160.425
7.02 160.252
7.03 160.104
7.04 159.982
7.05 159.888
7.06 159.821
7.07 159.784
7.08 159.777
7.09 159.798
7.1 159.849
7.11 159.928
7.12 160.035
7.13 160.168
7.14 160.325
7.15 160.505
7.16 160.706
7.17 160.925
7.18 161.159
7.19 161.406
7.2 161.664
7.21 161.928
7.22 162.197
7.23 162.466
7.24 162.733
7.25 162.995
7.26 163.249
7.27 163.492
7.28 163.72
7.29 163.933
7.3 164.126
7.31 164.298
7.32 164.448
7.33 164.573
7.34 164.672
7.35 164.743
7.36 164.788
7.37 164.803
7.38 164.791
7.39 164.751
7.4 164.683
7.41 164.588
7.42 164.468
7.43 164.324
7.44 164.157
7.45 163.97
7.46 163.766
7.47 163.545
7.48 163.312
7.49 163.068
7.5 162.817
7.51 162.562
7.52 162.304
7.53 162.049
7.54 161.798
7.55 161.554
7.56 161.32
7.57 161.099
7.58 160.893
7.59 160.705
7.6 160.537
7.61 160.39
7.62 160.267
7.63 160.169
7.64 160.096
7.65 160.05
7.66 160.031
7.67 160.038
7.68 160.073
7.69 160.134
7.7 160.221
7.71 160.333
7.72 160.467
7.73 160.623
7.74 160.799
7.75 160.993
7.76 161.201
7.77 161.422
7.78 161.654
7.79 161.893
7.8 162.137
7.81 162.382
7.82 162.626
7.83 162.866
7.84 163.1
7.85 163.324
7.86 163.536
7.87 163.734
7.88 163.914
7.89 164.076
7.9 164.218
7.91 164.337
7.92 164.432
7.93 164.503
7.94 164.549
7.95 164.569
7.96 164.563
7.97 164.531
7.98 164.473
7.99 164.391
8 164.285
8.01 164.158
8.02 164.009
8.03 163.841
8.04 163.657
8.05 163.457
8.06 163.246
8.07 163.024
8.08 162.796
8.09 162.563
8.1 162.328
8.11 162.094
8.12 161.863
8.13 161.639
8.14 161.425
8.15 161.221
8.16 161.032
8.17 160.858
8.18 160.702
8.19 160.567
8.2 160.452
8.21 160.36
8.22 160.292
8.23 160.248
8.24 160.229
8.25 160.235
8.26 160.266
8.27 160.321
8.28 160.4
8.29 160.501
8.3 160.624
8.31 160.768
8.32 160.929
8.33 161.107
8.34 161.299
8.35 161.503
8.36 161.717
8.37 161.937
8.38 162.162
8.39 162.389
8.4 162.615
8.41 162.838
8.42 163.054
8.43 163.262
8.44 163.459
8.45 163.642
8.46 163.81
8.47 163.961
8.48 164.093
8.49 164.204
8.5 164.293
8.51 164.359
8.52 164.402
8.53 164.421
8.54 164.415
8.55 164.385
8.56 164.332
8.57 164.255
8.58 164.157
8.59 164.037
8.6 163.898
8.61 163.741
8.62 163.568
8.63 163.381
8.64 163.182
8.65 162.974
8.66 162.758
8.67 162.539
8.68 162.317
8.69 162.096
8.7 161.878
8.71 161.666
8.72 161.463
8.73 161.27
8.74 161.089
8.75 160.924
8.76 160.776
8.77 160.646
8.78 160.536
8.79 160.447
8.8 160.381
8.81 160.338
8.82 160.318
8.83 160.322
8.84 160.35
8.85 160.401
8.86 160.475
8.87 160.571
8.88 160.688
8.89 160.824
8.9 160.977
8.91 161.147
8.92 161.331
8.93 161.527
8.94 161.732
8.95 161.945
8.96 162.162
8.97 162.381
8.98 162.601
8.99 162.817
9 163.028
9.01 163.231
9.02 163.424
9.03 163.605
9.04 163.771
9.05 163.921
9.06 164.053
9.07 164.165
9.08 164.256
9.09 164.325
9.1 164.371
9.11 164.394
9.12 164.393
9.13 164.369
9.14 164.321
9.15 164.25
9.16 164.158
9.17 164.044
9.18 163.911
9.19 163.759
9.2 163.592
9.21 163.41
9.22 163.215
9.23 163.011
9.24 162.798
9.25 162.581
9.26 162.36
9.27 162.139
9.28 161.921
9.29 161.707
9.3 161.5
9.31 161.303
9.32 161.118
9.33 160.947
9.34 160.793
9.35 160.655
9.36 160.538
9.37 160.441
9.38 160.366
9.39 160.314
9.4 160.285
9.41 160.28
9.42 160.299
9.43 160.342
9.44 160.408
9.45 160.496
9.46 160.606
9.47 160.736
9.48 160.885
9.49 161.051
9.5 161.233
9.51 161.428
9.52 161.633
9.53 161.848
9.54 162.068
9.55 162.292
9.56 162.518
9.57 162.742
9.58 162.961
9.59 163.175
9.6 163.379
9.61 163.572
9.62 163.752
9.63 163.915
9.64 164.062
9.65 164.189
9.66 164.295
9.67 164.379
9.68 164.44
9.69 164.477
9.7 164.491
9.71 164.479
9.72 164.444
9.73 164.384
9.74 164.301
9.75 164.196
9.76 164.069
9.77 163.923
9.78 163.758
9.79 163.577
9.8 163.381
9.81 163.173
9.82 162.956
9.83 162.731
9.84 162.501
9.85 162.269
9.86 162.037
9.87 161.808
9.88 161.586
9.89 161.371
9.9 161.167
9.91 160.976
9.92 160.8
9.93 160.642
9.94 160.502
9.95 160.384
9.96 160.287
9.97 160.214
9.98 160.165
9.99 160.141
10 160.142
10.01 160.169
10.02 160.22
10.03 160.296
10.04 160.395
10.05 160.517
10.06 160.66
10.07 160.823
10.08 161.003
10.09 161.2
10.1 161.41
10.11 161.631
10.12 161.862
10.13 162.098
10.14 162.338
10.15 162.579
10.16 162.818
10.17 163.053
10.18 163.28
10.19 163.497
10.2 163.702
10.21 163.892
10.22 164.066
10.23 164.22
10.24 164.353
10.25 164.465
10.26 164.552
10.27 164.615
10.28 164.652
10.29 164.664
10.3 164.649
10.31 164.608
10.32 164.542
10.33 164.45
10.34 164.335
10.35 164.196
10.36 164.037
10.37 163.858
10.38 163.661
10.39 163.449
10.4 163.224
10.41 162.989
10.42 162.745
10.43 162.497
10.44 162.246
10.45 161.996
10.46 161.75
10.47 161.509
10.48 161.277
10.49 161.057
10.5 160.851
10.51 160.661
10.52 160.491
10.53 160.34
10.54 160.212
10.55 160.108
10.56 160.029
10.57 159.977
10.58 159.95
10.59 159.951
10.6 159.98
10.61 160.035
10.62 160.116
10.63 160.223
10.64 160.355
10.65 160.509
10.66 160.685
10.67 160.88
10.68 161.092
10.69 161.319
10.7 161.558
10.71 161.807
10.72 162.063
10.73 162.323
10.74 162.584
10.75 162.842
10.76 163.096
10.77 163.343
10.78 163.579
10.79 163.801
10.8 164.008
10.81 164.197
10.82 164.365
10.83 164.511
10.84 164.634
10.85 164.73
10.86 164.801
10.87 164.843
10.88 164.858
10.89 164.845
10.9 164.803
10.91 164.734
10.92 164.638
10.93 164.516
10.94 164.369
10.95 164.199
10.96 164.008
10.97 163.798
10.98 163.571
10.99 163.329
11 163.077
11.01 162.815
11.02 162.548
11.03 162.278
11.04 162.008
11.05 161.742
11.06 161.482
11.07 161.231
11.08 160.992
11.09 160.768
11.1 160.561
11.11 160.374
11.12 160.209
11.13 160.068
11.14 159.952
11.15 159.863
11.16 159.802
11.17 159.769
11.18 159.765
11.19 159.791
11.2 159.845
11.21 159.928
11.22 160.038
11.23 160.175
11.24 160.336
11.25 160.52
11.26 160.726
11.27 160.95
11.28 161.19
11.29 161.444
11.3 161.708
11.31 161.981
11.32 162.258
11.33 162.536
11.34 162.814
11.35 163.086
11.36 163.351
11.37 163.605
11.38 163.846
11.39 164.07
11.4 164.275
11.41 164.46
11.42 164.62
11.43 164.756
11.44 164.865
11.45 164.946
11.46 164.998
11.47 165.021
11.48 165.013
11.49 164.976
11.5 164.909
11.51 164.814
11.52 164.691
11.53 164.541
11.54 164.367
11.55 164.169
11.56 163.951
11.57 163.715
11.58 163.463
11.59 163.199
11.6 162.924
11.61 162.643
11.62 162.358
11.63 162.073
11.64 161.79
11.65 161.513
11.66 161.246
11.67 160.99
11.68 160.749
11.69 160.526
11.7 160.323
11.71 160.143
11.72 159.987
11.73 159.857
11.74 159.755
11.75 159.683
11.76 159.64
11.77 159.627
11.78 159.645
11.79 159.693
11.8 159.771
11.81 159.878
11.82 160.013
11.83 160.174
11.84 160.36
11.85 160.568
11.86 160.797
11.87 161.043
11.88 161.304
11.89 161.578
11.9 161.86
11.91 162.148
11.92 162.439
11.93 162.729
11.94 163.015
11.95 163.295
11.96 163.564
11.97 163.819
11.98 164.059
11.99 164.28
12 164.479
12.01 164.655
12.02 164.806
12.03 164.929
12.04 165.023
12.05 165.088
12.06 165.123
12.07 165.126
12.08 165.099
12.09 165.04
12.1 164.952
12.11 164.835
12.12 164.69
12.13 164.519
12.14 164.323
12.15 164.105
12.16 163.868
12.17 163.613
12.18 163.344
12.19 163.064
12.2 162.776
12.21 162.483
12.22 162.189
12.23 161.895
12.24 161.607
12.25 161.327
12.26 161.059
12.27 160.804
12.28 160.567
12.29 160.349
12.3 160.154
12.31 159.983
12.32 159.838
12.33 159.722
12.34 159.634
12.35 159.577
12.36 159.551
12.37 159.556
12.38 159.592
12.39 159.659
12.4 159.757
12.41 159.883
12.42 160.037
12.43 160.216
12.44 160.42
12.45 160.645
12.46 160.89
12.47 161.151
12.48 161.425
12.49 161.71
12.5 162.002
12.51 162.299
12.52 162.596
12.53 162.89
12.54 163.179
12.55 163.459
12.56 163.726
12.57 163.979
12.58 164.213
12.59 164.427
12.6 164.617
12.61 164.783
12.62 164.922
12.63 165.032
12.64 165.112
12.65 165.162
12.66 165.18
12.67 165.167
12.68 165.123
12.69 165.048
12.7 164.943
12.71 164.809
12.72 164.647
12.73 164.46
12.74 164.25
12.75 164.018
12.76 163.768
12.77 163.502
12.78 163.223
12.79 162.935
12.8 162.64
12.81 162.342
12.82 162.043
12.83 161.749
12.84 161.46
12.85 161.182
12.86 160.917
12.87 160.668
12.88 160.437
12.89 160.228
12.9 160.042
12.91 159.882
12.92 159.75
12.93 159.646
12.94 159.573
12.95 159.53
12.96 159.519
12.97 159.54
12.98 159.591
12.99 159.674
13 159.786
13.01 159.927
13.02 160.095
13.03 160.288
13.04 160.504
13.05 160.741
13.06 160.996
13.07 161.266
13.08 161.548
13.09 161.839
13.1 162.135
13.11 162.435
13.12 162.733
13.13 163.027
13.14 163.314
13.15 163.59
13.16 163.852
13.17 164.098
13.18 164.324
13.19 164.528
13.2 164.709
13.21 164.863
13.22 164.989
13.23 165.085
13.24 165.152
13.25 165.187
13.26 165.191
13.27 165.163
13.28 165.104
13.29 165.015
13.3 164.895
13.31 164.748
13.32 164.574
13.33 164.375
13.34 164.153
13.35 163.912
13.36 163.654
13.37 163.381
13.38 163.096
13.39 162.804
13.4 162.506
13.41 162.207
13.42 161.909
13.43 161.616
13.44 161.332
13.45 161.059
13.46 160.8
13.47 160.559
13.48 160.338
13.49 160.139
13.5 159.965
13.51 159.818
13.52 159.699
13.53 159.609
13.54 159.55
13.55 159.522
13.56 159.526
13.57 159.561
13.58 159.627
13.59 159.724
13.6 159.85
13.61 160.004
13.62 160.184
13.63 160.388
13.64 160.614
13.65 160.859
13.66 161.121
13.67 161.397
13.68 161.683
13.69 161.977
13.7 162.274
13.71 162.573
13.72 162.869
13.73 163.16
13.74 163.441
13.75 163.71
13.76 163.964
13.77 164.2
13.78 164.416
13.79 164.608
13.8 164.775
13.81 164.915
13.82 165.027
13.83 165.109
13.84 165.16
13.85 165.18
13.86 165.168
13.87 165.125
13.88 165.051
13.89 164.947
13.9 164.814
13.91 164.654
13.92 164.468
13.93 164.259
13.94 164.028
13.95 163.779
13.96 163.514
13.97 163.236
13.98 162.949
13.99 162.655
14 162.357
14.01 162.06
14.02 161.766
14.03 161.479
14.04 161.202
14.05 160.937
14.06 160.689
14.07 160.459
14.08 160.251
14.09 160.066
14.1 159.906
14.11 159.774
14.12 159.671
14.13 159.598
14.14 159.556
14.15 159.545
14.16 159.565
14.17 159.617
14.18 159.699
14.19 159.81
14.2 159.95
14.21 160.117
14.22 160.309
14.23 160.523
14.24 160.758
14.25 161.011
14.26 161.278
14.27 161.558
14.28 161.846
14.29 162.14
14.3 162.436
14.31 162.731
14.32 163.021
14.33 163.304
14.34 163.577
14.35 163.835
14.36 164.077
14.37 164.299
14.38 164.5
14.39 164.676
14.4 164.827
14.41 164.95
14.42 165.043
14.43 165.107
14.44 165.139
14.45 165.141
14.46 165.111
14.47 165.051
14.48 164.96
14.49 164.841
14.5 164.693
14.51 164.52
14.52 164.322
14.53 164.102
14.54 163.863
14.55 163.608
14.56 163.338
14.57 163.057
14.58 162.769
14.59 162.477
14.6 162.183
14.61 161.891
14.62 161.605
14.63 161.327
14.64 161.061
14.65 160.809
14.66 160.575
14.67 160.361
14.68 160.17
14.69 160.003
14.7 159.862
14.71 159.75
14.72 159.667
14.73 159.614
14.74 159.591
14.75 159.6
14.76 159.64
14.77 159.71
14.78 159.809
14.79 159.937
14.8 160.092
14.81 160.272
14.82 160.476
14.83 160.7
14.84 160.943
14.85 161.202
14.86 161.473
14.87 161.754
14.88 162.041
14.89 162.332
14.9 162.623
14.91 162.91
14.92 163.192
14.93 163.463
14.94 163.722
14.95 163.966
14.96 164.191
14.97 164.396
14.98 164.577
14.99 164.733
15 164.863
15.01 164.964
15.02 165.036
15.03 165.078
15.04 165.089
15.05 165.07
15.06 165.02
15.07 164.94
15.08 164.831
15.09 164.694
15.1 164.532
15.11 164.345
15.12 164.135
15.13 163.906
15.14 163.66
15.15 163.399
15.16 163.127
15.17 162.846
15.18 162.56
15.19 162.272
15.2 161.985
15.21 161.702
15.22 161.427
15.23 161.162
15.24 160.912
15.25 160.677
15.26 160.462
15.27 160.268
15.28 160.098
15.29 159.953
15.3 159.835
15.31 159.746
15.32 159.686
15.33 159.656
15.34 159.657
15.35 159.687
15.36 159.748
15.37 159.838
15.38 159.957
15.39 160.102
15.4 160.272
15.41 160.466
15.42 160.681
15.43 160.914
15.44 161.163
15.45 161.426
15.46 161.699
15.47 161.979
15.48 162.263
15.49 162.548
15.5 162.83
15.51 163.107
15.52 163.375
15.53 163.632
15.54 163.874
15.55 164.098
15.56 164.303
15.57 164.486
15.58 164.644
15.59 164.777
15.6 164.882
15.61 164.959
15.62 165.006
15.63 165.024
15.64 165.011
15.65 164.968
15.66 164.896
15.67 164.796
15.68 164.668
15.69 164.514
15.7 164.336
15.71 164.136
15.72 163.916
15.73 163.679
15.74 163.426
15.75 163.162
15.76 162.889
15.77 162.611
15.78 162.329
15.79 162.048
15.8 161.771
15.81 161.501
15.82 161.24
15.83 160.992
15.84 160.76
15.85 160.546
15.86 160.352
15.87 160.182
15.88 160.036
15.89 159.916
15.9 159.823
15.91 159.76
15.92 159.725
15.93 159.72
15.94 159.745
15.95 159.8
15.96 159.883
15.97 159.994
15.98 160.131
15.99 160.294
16 160.479
16.01 160.686
16.02 160.911
16.03 161.152
16.04 161.407
16.05 161.672
16.06 161.944
16.07 162.221
16.08 162.5
16.09 162.776
16.1 163.048
16.11 163.311
16.12 163.564
16.13 163.802
16.14 164.024
16.15 164.228
16.16 164.409
16.17 164.568
16.18 164.701
16.19 164.808
16.2 164.887
16.21 164.938
16.22 164.959
16.23 164.951
16.24 164.914
16.25 164.847
16.26 164.753
16.27 164.632
16.28 164.485
16.29 164.314
16.3 164.121
16.31 163.908
16.32 163.678
16.33 163.433
16.34 163.176
16.35 162.91
16.36 162.638
16.37 162.363
16.38 162.089
16.39 161.817
16.4 161.551
16.41 161.295
16.42 161.051
16.43 160.822
16.44 160.61
16.45 160.419
16.46 160.249
16.47 160.103
16.48 159.982
16.49 159.889
16.5 159.823
16.51 159.786
16.52 159.778
16.53 159.799
16.54 159.849
16.55 159.927
16.56 160.033
16.57 160.165
16.58 160.321
16.59 160.5
16.6 160.701
16.61 160.919
16.62 161.154
16.63 161.402
16.64 161.661
16.65 161.927
16.66 162.198
16.67 162.471
16.68 162.742
16.69 163.009
16.7 163.268
16.71 163.517
16.72 163.753
16.73 163.972
16.74 164.173
16.75 164.353
16.76 164.511
16.77 164.644
16.78 164.752
16.79 164.832
16.8 164.884
16.81 164.907
16.82 164.902
16.83 164.868
16.84 164.805
16.85 164.715
16.86 164.598
16.87 164.456
16.88 164.29
16.89 164.102
16.9 163.895
16.91 163.67
16.92 163.431
16.93 163.179
16.94 162.919
16.95 162.652
16.96 162.382
16.97 162.111
16.98 161.844
16.99 161.582
17 161.33
17.01 161.089
17.02 160.862
17.03 160.652
17.04 160.462
17.05 160.293
17.06 160.148
17.07 160.027
17.08 159.933
17.09 159.867
17.1 159.828
17.11 159.819
17.12 159.837
17.13 159.885
17.14 159.96
17.15 160.062
17.16 160.19
17.17 160.343
17.18 160.518
17.19 160.714
17.2 160.929
17.21 161.159
17.22 161.403
17.23 161.658
17.24 161.921
17.25 162.188
17.26 162.457
17.27 162.725
17.28 162.989
17.29 163.245
17.3 163.491
17.31 163.724
17.32 163.942
17.33 164.142
17.34 164.321
17.35 164.479
17.36 164.612
17.37 164.719
17.38 164.8
17.39 164.853
17.4 164.878
17.41 164.874
17.42 164.841
17.43 164.781
17.44 164.693
17.45 164.579
17.46 164.439
17.47 164.276
17.48 164.091
17.49 163.887
17.5 163.665
17.51 163.429
17.52 163.18
17.53 162.922
17.54 162.658
17.55 162.391
17.56 162.123
17.57 161.857
17.58 161.598
17.59 161.347
17.6 161.107
17.61 160.882
17.62 160.673
17.63 160.483
17.64 160.315
17.65 160.169
17.66 160.049
17.67 159.954
17.68 159.887
17.69 159.848
17.7 159.837
17.71 159.854
17.72 159.9
17.73 159.974
17.74 160.074
17.75 160.201
17.76 160.351
17.77 160.525
17.78 160.719
17.79 160.931
17.8 161.16
17.81 161.402
17.82 161.655
17.83 161.916
17.84 162.182
17.85 162.45
17.86 162.717
17.87 162.979
17.88 163.235
17.89 163.48
17.9 163.713
17.91 163.93
17.92 164.13
17.93 164.309
17.94 164.467
17.95 164.6
17.96 164.708
17.97 164.789
17.98 164.843
17.99 164.869
18 164.866
18.01 164.835
18.02 164.775
18.03 164.689
18.04 164.575
18.05 164.437
18.06 164.275
18.07 164.091
18.08 163.888
18.09 163.667
18.1 163.432
18.11 163.184
18.12 162.927
18.13 162.663
18.14 162.396
18.15 162.128
18.16 161.863
18.17 161.604
18.18 161.353
18.19 161.113
18.2 160.887
18.21 160.678
18.22 160.488
18.23 160.319
18.24 160.173
18.25 160.051
18.26 159.956
18.27 159.888
18.28 159.848
18.29 159.836
18.3 159.852
18.31 159.897
18.32 159.97
18.33 160.07
18.34 160.196
18.35 160.346
18.36 160.519
18.37 160.712
18.38 160.924
18.39 161.153
18.4 161.395
18.41 161.648
18.42 161.909
18.43 162.175
18.44 162.443
18.45 162.711
18.46 162.974
18.47 163.23
18.48 163.477
18.49 163.71
18.5 163.929
18.51 164.13
18.52 164.31
18.53 164.469
18.54 164.603
18.55 164.713
18.56 164.795
18.57 164.85
18.58 164.877
18.59 164.875
18.6 164.845
18.61 164.786
18.62 164.7
18.63 164.588
18.64 164.45
18.65 164.288
18.66 164.105
18.67 163.901
18.68 163.68
18.69 163.445
18.7 163.196
18.71 162.938
18.72 162.674
18.73 162.406
18.74 162.137
18.75 161.87
18.76 161.61
18.77 161.357
18.78 161.116
18.79 160.888
18.8 160.677
18.81 160.485
18.82 160.314
18.83 160.167
18.84 160.043
18.85 159.946
18.86 159.877
18.87 159.835
18.88 159.822
18.89 159.837
18.9 159.881
18.91 159.952
18.92 160.051
18.93 160.176
18.94 160.326
18.95 160.499
18.96 160.692
18.97 160.905
18.98 161.134
18.99 161.377
19 161.631
19.01 161.893
19.02 162.161
19.03 162.43
19.04 162.699
19.05 162.965
19.06 163.223
19.07 163.472
19.08 163.708
19.09 163.929
19.1 164.132
19.11 164.315
19.12 164.476
19.13 164.613
19.14 164.725
19.15 164.81
19.16 164.867
19.17 164.895
19.18 164.895
19.19 164.867
19.2 164.81
19.21 164.725
19.22 164.613
19.23 164.476
19.24 164.315
19.25 164.131
19.26 163.928
19.27 163.707
19.28 163.47
19.29 163.22
19.3 162.961
19.31 162.695
19.32 162.425
19.33 162.154
19.34 161.885
19.35 161.622
19.36 161.366
19.37 161.122
19.38 160.892
19.39 160.678
19.4 160.483
19.41 160.309
19.42 160.158
19.43 160.032
19.44 159.932
19.45 159.859
19.46 159.814
19.47 159.799
19.48 159.812
19.49 159.853
19.5 159.923
19.51 160.021
19.52 160.145
19.53 160.294
19.54 160.466
19.55 160.659
19.56 160.872
19.57 161.102
19.58 161.345
19.59 161.601
19.6 161.864
19.61 162.134
19.62 162.406
19.63 162.677
19.64 162.945
19.65 163.207
19.66 163.459
19.67 163.698
19.68 163.923
19.69 164.13
19.7 164.316
19.71 164.481
19.72 164.622
19.73 164.737
19.74 164.826
19.75 164.886
19.76 164.918
19.77 164.921
19.78 164.896
19.79 164.841
19.8 164.759
19.81 164.649
19.82 164.513
19.83 164.353
19.84 164.171
19.85 163.967
19.86 163.746
19.87 163.509
19.88 163.258
19.89 162.998
19.9 162.73
19.91 162.458
19.92 162.184
19.93 161.913
19.94 161.646
19.95 161.387
19.96 161.139
19.97 160.905
19.98 160.687
19.99 160.487
20 160.309
20.01 160.154
20.02 160.023
20.03 159.919
20.04 159.842
20.05 159.793
20.06 159.773
20.07 159.783
20.08 159.821
20.09 159.888
20.1 159.983
20.11 160.104
20.12 160.251
20.13 160.422
20.14 160.614
20.15 160.826
20.16 161.056
20.17 161.3
20.18 161.556
20.19 161.822
20.2 162.093
20.21 162.367
20.22 162.642
20.23 162.913
20.24 163.178
20.25 163.434
20.26 163.677
20.27 163.906
20.28 164.118
20.29 164.309
20.3 164.479
20.31 164.625
20.32 164.745
20.33 164.838
20.34 164.904
20.35 164.941
20.36 164.948
20.37 164.927
20.38 164.876
20.39 164.797
20.4 164.69
20.41 164.558
20.42 164.4
20.43 164.219
20.44 164.017
20.45 163.796
20.46 163.559
20.47 163.309
20.48 163.047
20.49 162.778
20.5 162.504
20.51 162.228
20.52 161.953
20.53 161.683
20.54 161.42
20.55 161.168
20.56 160.929
20.57 160.706
20.58 160.502
20.59 160.318
20.6 160.157
20.61 160.021
20.62 159.911
20.63 159.829
20.64 159.775
20.65 159.75
20.66 159.754
20.67 159.788
20.68 159.851
20.69 159.941
20.7 160.059
20.71 160.203
20.72 160.371
20.73 160.562
20.74 160.772
20.75 161.001
20.76 161.245
20.77 161.501
20.78 161.767
20.79 162.04
20.8 162.316
20.81 162.593
20.82 162.868
20.83 163.136
20.84 163.396
20.85 163.644
20.86 163.878
20.87 164.095
20.88 164.292
20.89 164.468
20.9 164.619
20.91 164.746
20.92 164.845
20.93 164.916
20.94 164.959
20.95 164.972
20.96 164.956
20.97 164.911
20.98 164.836
20.99 164.734
21 164.605
21.01 164.451
21.02 164.273
21.03 164.073
21.04 163.854
21.05 163.618
21.06 163.368
21.07 163.106
21.08 162.836
21.09 162.561
21.1 162.282
21.11 162.005
21.12 161.732
21.13 161.465
21.14 161.209
21.15 160.965
21.16 160.737
21.17 160.527
21.18 160.337
21.19 160.17
21.2 160.028
21.21 159.912
21.22 159.823
21.23 159.763
21.24 159.732
21.25 159.73
21.26 159.758
21.27 159.815
21.28 159.901
21.29 160.014
21.3 160.154
21.31 160.318
21.32 160.506
21.33 160.714
21.34 160.941
21.35 161.183
21.36 161.439
21.37 161.705
21.38 161.979
21.39 162.257
21.4 162.536
21.41 162.813
21.42 163.085
21.43 163.349
21.44 163.601
21.45 163.84
21.46 164.062
21.47 164.265
21.48 164.447
21.49 164.605
21.5 164.737
21.51 164.843
21.52 164.921
21.53 164.97
21.54 164.99
21.55 164.98
21.56 164.941
21.57 164.872
21.58 164.775
21.59 164.651
21.6 164.501
21.61 164.327
21.62 164.13
21.63 163.914
21.64 163.68
21.65 163.431
21.66 163.17
21.67 162.9
21.68 162.624
21.69 162.344
21.7 162.065
21.71 161.788
21.72 161.519
21.73 161.258
21.74 161.01
21.75 160.777
21.76 160.561
21.77 160.366
21.78 160.193
21.79 160.044
21.8 159.921
21.81 159.826
21.82 159.759
21.83 159.721
21.84 159.713
21.85 159.735
21.86 159.786
21.87 159.865
21.88 159.973
21.89 160.108
21.9 160.268
21.91 160.451
21.92 160.656
21.93 160.88
21.94 161.12
21.95 161.375
21.96 161.64
21.97 161.914
21.98 162.193
21.99 162.473
22 162.752
22.01 163.027
22.02 163.294
22.03 163.551
22.04 163.794
22.05 164.021
22.06 164.229
22.07 164.416
22.08 164.581
22.09 164.72
22.1 164.832
22.11 164.917
22.12 164.973
22.13 164.999
22.14 164.996
22.15 164.963
22.16 164.901
22.17 164.81
22.18 164.691
22.19 164.546
22.2 164.377
22.21 164.185
22.22 163.972
22.23 163.741
22.24 163.494
22.25 163.235
22.26 162.965
22.27 162.689
22.28 162.409
22.29 162.128
22.3 161.85
22.31 161.578
22.32 161.314
22.33 161.062
22.34 160.824
22.35 160.604
22.36 160.403
22.37 160.225
22.38 160.07
22.39 159.941
22.4 159.838
22.41 159.765
22.42 159.72
22.43 159.705
22.44 159.72
22.45 159.764
22.46 159.838
22.47 159.939
22.48 160.068
22.49 160.223
22.5 160.402
22.51 160.602
22.52 160.823
22.53 161.06
22.54 161.312
22.55 161.576
22.56 161.849
22.57 162.127
22.58 162.408
22.59 162.688
22.6 162.965
22.61 163.234
22.62 163.494
22.63 163.741
22.64 163.973
22.65 164.186
22.66 164.379
22.67 164.548
22.68 164.694
22.69 164.813
22.7 164.904
22.71 164.967
22.72 165
22.73 165.003
22.74 164.977
22.75 164.921
22.76 164.837
22.77 164.724
22.78 164.585
22.79 164.421
22.8 164.233
22.81 164.025
22.82 163.797
22.83 163.554
22.84 163.297
22.85 163.029
22.86 162.754
22.87 162.474
22.88 162.193
22.89 161.914
22.9 161.639
22.91 161.373
22.92 161.118
22.93 160.877
22.94 160.652
22.95 160.447
22.96 160.263
22.97 160.102
22.98 159.967
22.99 159.859
23 159.779
23.01 159.727
23.02 159.706
23.03 159.714
23.04 159.752
23.05 159.819
23.06 159.914
23.07 160.037
23.08 160.186
23.09 160.36
23.1 160.556
23.11 160.772
23.12 161.005
23.13 161.254
23.14 161.516
23.15 161.787
23.16 162.064
23.17 162.344
23.18 162.625
23.19 162.902
23.2 163.174
23.21 163.436
23.22 163.686
23.23 163.921
23.24 164.138
23.25 164.335
23.26 164.51
23.27 164.661
23.28 164.785
23.29 164.883
23.3 164.952
23.31 164.992
23.32 165.002
23.33 164.982
23.34 164.933
23.35 164.854
23.36 164.748
23.37 164.615
23.38 164.456
23.39 164.274
23.4 164.07
23.41 163.847
23.42 163.607
23.43 163.353
23.44 163.088
23.45 162.814
23.46 162.536
23.47 162.255
23.48 161.976
23.49 161.701
23.5 161.433
23.51 161.175
23.52 160.931
23.53 160.703
23.54 160.494
23.55 160.306
23.56 160.14
23.57 160
23.58 159.886
23.59 159.8
23.6 159.742
23.61 159.714
23.62 159.716
23.63 159.747
23.64 159.808
23.65 159.897
23.66 160.014
23.67 160.158
23.68 160.326
23.69 160.516
23.7 160.728
23.71 160.958
23.72 161.203
23.73 161.461
23.74 161.73
23.75 162.005
23.76 162.284
23.77 162.564
23.78 162.842
23.79 163.114
23.8 163.378
23.81 163.63
23.82 163.868
23.83 164.088
23.84 164.289
23.85 164.469
23.86 164.624
23.87 164.754
23.88 164.857
23.89 164.932
23.9 164.977
23.91 164.994
23.92 164.98
23.93 164.937
23.94 164.865
23.95 164.765
23.96 164.637
23.97 164.484
23.98 164.307
23.99 164.108
24 163.89
24.01 163.654
24.02 163.403
24.03 163.141
24.04 162.87
24.05 162.593
24.06 162.313
24.07 162.034
24.08 161.759
24.09 161.491
24.1 161.232
24.11 160.985
24.12 160.755
24.13 160.542
24.14 160.35
24.15 160.18
24.16 160.035
24.17 159.916
24.18 159.824
24.19 159.761
24.2 159.727
24.21 159.723
24.22 159.748
24.23 159.803
24.24 159.886
24.25 159.997
24.26 160.135
24.27 160.297
24.28 160.483
24.29 160.69
24.3 160.915
24.31 161.157
24.32 161.412
24.33 161.678
24.34 161.951
24.35 162.229
24.36 162.508
24.37 162.785
24.38 163.058
24.39 163.322
24.4 163.576
24.41 163.816
24.42 164.039
24.43 164.244
24.44 164.427
24.45 164.586
24.46 164.721
24.47 164.829
24.48 164.909
24.49 164.96
24.5 164.982
24.51 164.975
24.52 164.938
24.53 164.871
24.54 164.777
24.55 164.655
24.56 164.508
24.57 164.336
24.58 164.142
24.59 163.927
24.6 163.695
24.61 163.448
24.62 163.189
24.63 162.921
24.64 162.646
24.65 162.367
24.66 162.089
24.67 161.814
24.68 161.545
24.69 161.285
24.7 161.037
24.71 160.804
24.72 160.588
24.73 160.393
24.74 160.219
24.75 160.07
24.76 159.946
24.77 159.85
24.78 159.781
24.79 159.742
24.8 159.732
24.81 159.752
24.82 159.801
24.83 159.879
24.84 159.984
24.85 160.116
24.86 160.274
24.87 160.455
24.88 160.657
24.89 160.878
24.9 161.116
24.91 161.368
24.92 161.631
24.93 161.902
24.94 162.178
24.95 162.456
24.96 162.733
24.97 163.005
24.98 163.271
24.99 163.525
25 163.767
25.01 163.993
25.02 164.2
25.03 164.387
25.04 164.55
25.05 164.689
25.06 164.801
25.07 164.886
25.08 164.943
25.09 164.97
25.1 164.967
25.11 164.936
25.12 164.875
25.13 164.786
25.14 164.669
25.15 164.527
25.16 164.36
25.17 164.17
25.18 163.96
25.19 163.732
25.2 163.488
25.21 163.232
25.22 162.966
25.23 162.693
25.24 162.416
25.25 162.139
25.26 161.864
25.27 161.594
25.28 161.333
25.29 161.084
25.3 160.849
25.31 160.631
25.32 160.433
25.33 160.256
25.34 160.103
25.35 159.975
25.36 159.874
25.37 159.801
25.38 159.757
25.39 159.742
25.4 159.756
25.41 159.8
25.42 159.872
25.43 159.973
25.44 160.1
25.45 160.253
25.46 160.429
25.47 160.627
25.48 160.845
25.49 161.079
25.5 161.328
25.51 161.588
25.52 161.857
25.53 162.132
25.54 162.409
25.55 162.685
25.56 162.958
25.57 163.223
25.58 163.479
25.59 163.723
25.6 163.951
25.61 164.16
25.62 164.35
25.63 164.517
25.64 164.659
25.65 164.776
25.66 164.865
25.67 164.926
25.68 164.958
25.69 164.961
25.7 164.934
25.71 164.878
25.72 164.794
25.73 164.682
25.74 164.544
25.75 164.382
25.76 164.196
25.77 163.99
25.78 163.765
25.79 163.525
25.8 163.271
25.81 163.007
25.82 162.736
25.83 162.461
25.84 162.184
25.85 161.909
25.86 161.639
25.87 161.378
25.88 161.127
25.89 160.891
25.9 160.67
25.91 160.469
25.92 160.289
25.93 160.133
25.94 160.001
25.95 159.896
25.96 159.819
25.97 159.77
25.98 159.75
25.99 159.76
26 159.799
26.01 159.867
26.02 159.963
26.03 160.085
26.04 160.234
26.05 160.406
26.06 160.6
26.07 160.814
26.08 161.046
26.09 161.292
26.1 161.55
26.11 161.817
26.12 162.09
26.13 162.366
26.14 162.642
26.15 162.914
26.16 163.181
26.17 163.438
26.18 163.683
26.19 163.912
26.2 164.125
26.21 164.317
26.22 164.487
26.23 164.633
26.24 164.753
26.25 164.847
26.26 164.912
26.27 164.948
26.28 164.955
26.29 164.933
26.3 164.882
26.31 164.802
26.32 164.695
26.33 164.561
26.34 164.403
26.35 164.221
26.36 164.018
26.37 163.797
26.38 163.559
26.39 163.308
26.4 163.046
26.41 162.776
26.42 162.502
26.43 162.226
26.44 161.951
26.45 161.681
26.46 161.419
26.47 161.167
26.48 160.928
26.49 160.706
26.5 160.502
26.51 160.319
26.52 160.159
26.53 160.024
26.54 159.915
26.55 159.834
26.56 159.781
26.57 159.757
26.58 159.762
26.59 159.797
26.6 159.86
26.61 159.951
26.62 160.07
26.63 160.214
26.64 160.383
26.65 160.574
26.66 160.784
26.67 161.013
26.68 161.256
26.69 161.512
26.7 161.778
26.71 162.05
26.72 162.325
26.73 162.601
26.74 162.874
26.75 163.141
26.76 163.399
26.77 163.645
26.78 163.877
26.79 164.092
26.8 164.287
26.81 164.46
26.82 164.61
26.83 164.734
26.84 164.831
26.85 164.9
26.86 164.941
26.87 164.952
26.88 164.935
26.89 164.888
26.9 164.812
26.91 164.709
26.92 164.579
26.93 164.424
26.94 164.246
26.95 164.047
26.96 163.828
26.97 163.593
26.98 163.344
26.99 163.084
27 162.816
27.01 162.542
27.02 162.266
27.03 161.992
27.04 161.721
27.05 161.457
27.06 161.204
27.07 160.964
27.08 160.739
27.09 160.533
27.1 160.347
27.11 160.183
27.12 160.045
27.13 159.932
27.14 159.846
27.15 159.789
27.16 159.761
27.17 159.762
27.18 159.792
27.19 159.851
27.2 159.939
27.21 160.053
27.22 160.194
27.23 160.359
27.24 160.546
27.25 160.754
27.26 160.98
27.27 161.221
27.28 161.475
27.29 161.739
27.3 162.01
27.31 162.285
27.32 162.56
27.33 162.833
27.34 163.101
27.35 163.361
27.36 163.609
27.37 163.843
27.38 164.06
27.39 164.258
27.4 164.435
27.41 164.588
27.42 164.716
27.43 164.817
27.44 164.89
27.45 164.935
27.46 164.951
27.47 164.938
27.48 164.895
27.49 164.824
27.5 164.725
27.51 164.599
27.52 164.448
27.53 164.273
27.54 164.077
27.55 163.861
27.56 163.628
27.57 163.381
27.58 163.123
27.59 162.855
27.6 162.582
27.61 162.307
27.62 162.032
27.63 161.761
27.64 161.496
27.65 161.241
27.66 160.999
27.67 160.772
27.68 160.562
27.69 160.373
27.7 160.207
27.71 160.064
27.72 159.947
27.73 159.858
27.74 159.796
27.75 159.764
27.76 159.76
27.77 159.786
27.78 159.841
27.79 159.924
27.8 160.035
27.81 160.172
27.82 160.333
27.83 160.517
27.84 160.722
27.85 160.945
27.86 161.184
27.87 161.437
27.88 161.699
27.89 161.969
27.9 162.244
27.91 162.519
27.92 162.793
27.93 163.062
27.94 163.323
27.95 163.573
27.96 163.809
27.97 164.029
27.98 164.23
27.99 164.41
28 164.567
28.01 164.699
28.02 164.804
28.03 164.882
28.04 164.931
28.05 164.952
28.06 164.943
28.07 164.904
28.08 164.837
28.09 164.742
28.1 164.621
28.11 164.473
28.12 164.302
28.13 164.109
28.14 163.896
28.15 163.665
28.16 163.42
28.17 163.163
28.18 162.897
28.19 162.624
28.2 162.349
28.21 162.073
28.22 161.801
28.23 161.535
28.24 161.278
28.25 161.034
28.26 160.804
28.27 160.592
28.28 160.399
28.29 160.229
28.3 160.082
28.31 159.961
28.32 159.867
28.33 159.802
28.34 159.765
28.35 159.757
28.36 159.778
28.37 159.828
28.38 159.907
28.39 160.014
28.4 160.147
28.41 160.304
28.42 160.485
28.43 160.687
28.44 160.908
28.45 161.145
28.46 161.396
28.47 161.657
28.48 161.927
28.49 162.201
28.5 162.477
28.51 162.752
28.52 163.022
28.53 163.285
28.54 163.537
28.55 163.776
28.56 163.999
28.57 164.203
28.58 164.387
28.59 164.547
28.6 164.683
28.61 164.793
28.62 164.875
28.63 164.929
28.64 164.954
28.65 164.949
28.66 164.916
28.67 164.853
28.68 164.762
28.69 164.645
28.7 164.501
28.71 164.333
28.72 164.143
28.73 163.933
28.74 163.704
28.75 163.461
28.76 163.205
28.77 162.94
28.78 162.668
28.79 162.392
28.8 162.116
28.81 161.843
28.82 161.575
28.83 161.316
28.84 161.069
28.85 160.837
28.86 160.621
28.87 160.425
28.88 160.251
28.89 160.1
28.9 159.975
28.91 159.876
28.92 159.806
28.93 159.764
28.94 159.752
28.95 159.768
28.96 159.814
28.97 159.889
28.98 159.991
28.99 160.12
29 160.274
29.01 160.452
29.02 160.651
29.03 160.869
29.04 161.104
29.05 161.353
29.06 161.614
29.07 161.882
29.08 162.156
29.09 162.433
29.1 162.708
29.11 162.98
29.12 163.244
29.13 163.499
29.14 163.741
29.15 163.967
29.16 164.175
29.17 164.362
29.18 164.527
29.19 164.667
29.2 164.781
29.21 164.868
29.22 164.927
29.23 164.957
29.24 164.957
29.25 164.928
29.26 164.87
29.27 164.783
29.28 164.67
29.29 164.53
29.3 164.366
29.31 164.179
29.32 163.971
29.33 163.745
29.34 163.504
29.35 163.249
29.36 162.985
29.37 162.713
29.38 162.438
29.39 162.161
29.4 161.887
29.41 161.617
29.42 161.356
29.43 161.107
29.44 160.871
29.45 160.652
29.46 160.453
29.47 160.274
29.48 160.119
29.49 159.99
29.5 159.886
29.51 159.811
29.52 159.765
29.53 159.747
29.54 159.759
29.55 159.8
29.56 159.87
29.57 159.968
29.58 160.093
29.59 160.243
29.6 160.417
29.61 160.613
29.62 160.829
29.63 161.061
29.64 161.309
29.65 161.568
29.66 161.836
29.67 162.11
29.68 162.387
29.69 162.663
29.7 162.936
29.71 163.202
29.72 163.459
29.73 163.703
29.74 163.933
29.75 164.144
29.76 164.335
29.77 164.504
29.78 164.649
29.79 164.768
29.8 164.86
29.81 164.923
29.82 164.958
29.83 164.963
29.84 164.939
29.85 164.886
29.86 164.804
29.87 164.695
29.88 164.559
29.89 164.399
29.9 164.215
29.91 164.011
29.92 163.787
29.93 163.548
29.94 163.295
29.95 163.032
29.96 162.761
29.97 162.485
29.98 162.208
29.99 161.933
30 161.662
