0.01 162.355
0.02 162.355
0.03 162.355
0.04 162.356
0.05 162.357
0.06 162.359
0.07 162.362
0.08 162.368
0.09 162.375
0.1 162.386
0.11 162.4
0.12 162.419
0.13 162.442
0.14 162.47
0.15 162.503
0.16 162.54
0.17 162.582
0.18 162.628
0.19 162.678
0.2 162.731
0.21 162.786
0.22 162.842
0.23 162.899
0.24 162.954
0.25 163.007
0.26 163.056
0.27 163.099
0.28 163.134
0.29 163.161
0.3 163.177
0.31 163.18
0.32 163.169
0.33 163.142
0.34 163.1
0.35 163.039
0.36 162.961
0.37 162.864
0.38 162.748
0.39 162.614
0.4 162.462
0.41 162.293
0.42 162.108
0.43 161.909
0.44 161.698
0.45 161.478
0.46 161.25
0.47 161.018
0.48 160.786
0.49 160.558
0.5 160.336
0.51 160.125
0.52 159.929
0.53 159.752
0.54 159.597
0.55 159.469
0.56 159.371
0.57 159.307
0.58 159.28
0.59 159.292
0.6 159.345
0.61 159.442
0.62 159.584
0.63 159.771
0.64 160.004
0.65 160.281
0.66 160.6
0.67 160.961
0.68 161.36
0.69 161.793
0.7 162.257
0.71 162.746
0.72 163.255
0.73 163.778
0.74 164.309
0.75 164.841
0.76 165.367
0.77 165.88
0.78 166.371
0.79 166.834
0.8 167.26
0.81 167.644
0.82 167.977
0.83 168.253
0.84 168.467
0.85 168.613
0.86 168.686
0.87 168.683
0.88 168.601
0.89 168.437
0.9 168.192
0.91 167.864
0.92 167.455
0.93 166.968
0.94 166.406
0.95 165.774
0.96 165.077
0.97 164.323
0.98 163.518
0.99 162.672
1 161.794
1.01 160.894
1.02 159.983
1.03 159.073
1.04 158.174
1.05 157.298
1.06 156.458
1.07 155.665
1.08 154.93
1.09 154.265
1.1 153.679
1.11 153.182
1.12 152.783
1.13 152.49
1.14 152.309
1.15 152.246
1.16 152.303
1.17 152.484
1.18 152.79
1.19 153.219
1.2 153.77
1.21 154.438
1.22 155.219
1.23 156.105
1.24 157.087
1.25 158.157
1.26 159.301
1.27 160.509
1.28 161.767
1.29 163.059
1.3 164.372
1.31 165.688
1.32 166.993
1.33 168.27
1.34 169.502
1.35 170.674
1.36 171.771
1.37 172.776
1.38 173.676
1.39 174.459
1.4 175.111
1.41 175.624
1.42 175.988
1.43 176.195
1.44 176.241
1.45 176.123
1.46 175.838
1.47 175.387
1.48 174.774
1.49 174.002
1.5 173.078
1.51 172.012
1.52 170.814
1.53 169.496
1.54 168.072
1.55 166.557
1.56 164.97
1.57 163.326
1.58 161.647
1.59 159.951
1.6 158.259
1.61 156.59
1.62 154.966
1.63 153.406
1.64 151.93
1.65 150.557
1.66 149.305
1.67 148.189
1.68 147.226
1.69 146.429
1.7 145.809
1.71 145.376
1.72 145.137
1.73 145.098
1.74 145.26
1.75 145.626
1.76 146.192
1.77 146.954
1.78 147.906
1.79 149.037
1.8 150.337
1.81 151.791
1.82 153.385
1.83 155.1
1.84 156.918
1.85 158.818
1.86 160.778
1.87 162.776
1.88 164.789
1.89 166.792
1.9 168.762
1.91 170.676
1.92 172.511
1.93 174.243
1.94 175.853
1.95 177.32
1.96 178.625
1.97 179.753
1.98 180.688
1.99 181.417
2 181.932
2.01 182.223
2.02 182.287
2.03 182.121
2.04 181.724
2.05 181.101
2.06 180.256
2.07 179.199
2.08 177.94
2.09 176.493
2.1 174.873
2.11 173.098
2.12 171.188
2.13 169.165
2.14 167.05
2.15 164.869
2.16 162.646
2.17 160.407
2.18 158.178
2.19 155.985
2.2 153.852
2.21 151.806
2.22 149.87
2.23 148.068
2.24 146.419
2.25 144.946
2.26 143.664
2.27 142.59
2.28 141.737
2.29 141.116
2.3 140.734
2.31 140.597
2.32 140.708
2.33 141.065
2.34 141.667
2.35 142.506
2.36 143.573
2.37 144.859
2.38 146.347
2.39 148.022
2.4 149.865
2.41 151.856
2.42 153.972
2.43 156.189
2.44 158.483
2.45 160.826
2.46 163.194
2.47 165.559
2.48 167.893
2.49 170.171
2.5 172.366
2.51 174.453
2.52 176.409
2.53 178.211
2.54 179.838
2.55 181.272
2.56 182.496
2.57 183.496
2.58 184.261
2.59 184.781
2.6 185.051
2.61 185.066
2.62 184.828
2.63 184.338
2.64 183.601
2.65 182.626
2.66 181.424
2.67 180.007
2.68 178.391
2.69 176.596
2.7 174.64
2.71 172.545
2.72 170.336
2.73 168.036
2.74 165.671
2.75 163.267
2.76 160.853
2.77 158.453
2.78 156.096
2.79 153.807
2.8 151.612
2.81 149.534
2.82 147.598
2.83 145.825
2.84 144.234
2.85 142.842
2.86 141.666
2.87 140.717
2.88 140.007
2.89 139.543
2.9 139.33
2.91 139.37
2.92 139.662
2.93 140.204
2.94 140.988
2.95 142.007
2.96 143.248
2.97 144.698
2.98 146.34
2.99 148.157
3 150.129
3.01 152.233
3.02 154.447
3.03 156.746
3.04 159.105
3.05 161.498
3.06 163.899
3.07 166.281
3.08 168.62
3.09 170.889
3.1 173.063
3.11 175.121
3.12 177.038
3.13 178.794
3.14 180.371
3.15 181.752
3.16 182.922
3.17 183.868
3.18 184.581
3.19 185.053
3.2 185.28
3.21 185.259
3.22 184.99
3.23 184.478
3.24 183.728
3.25 182.748
3.26 181.549
3.27 180.144
3.28 178.549
3.29 176.781
3.3 174.86
3.31 172.805
3.32 170.64
3.33 168.387
3.34 166.072
3.35 163.718
3.36 161.351
3.37 158.997
3.38 156.68
3.39 154.425
3.4 152.257
3.41 150.198
3.42 148.271
3.43 146.495
3.44 144.889
3.45 143.471
3.46 142.256
3.47 141.255
3.48 140.481
3.49 139.94
3.5 139.638
3.51 139.578
3.52 139.762
3.53 140.186
3.54 140.845
3.55 141.734
3.56 142.842
3.57 144.157
3.58 145.665
3.59 147.351
3.6 149.196
3.61 151.18
3.62 153.283
3.63 155.483
3.64 157.755
3.65 160.075
3.66 162.42
3.67 164.764
3.68 167.083
3.69 169.351
3.7 171.545
3.71 173.642
3.72 175.62
3.73 177.457
3.74 179.134
3.75 180.633
3.76 181.938
3.77 183.036
3.78 183.915
3.79 184.565
3.8 184.98
3.81 185.154
3.82 185.086
3.83 184.777
3.84 184.23
3.85 183.45
3.86 182.446
3.87 181.227
3.88 179.807
3.89 178.201
3.9 176.425
3.91 174.498
3.92 172.441
3.93 170.275
3.94 168.023
3.95 165.708
3.96 163.356
3.97 160.991
3.98 158.638
3.99 156.323
4 154.069
4.01 151.901
4.02 149.843
4.03 147.915
4.04 146.139
4.05 144.534
4.06 143.117
4.07 141.904
4.08 140.907
4.09 140.138
4.1 139.605
4.11 139.315
4.12 139.27
4.13 139.471
4.14 139.918
4.15 140.605
4.16 141.525
4.17 142.669
4.18 144.026
4.19 145.581
4.2 147.318
4.21 149.218
4.22 151.262
4.23 153.427
4.24 155.692
4.25 158.031
4.26 160.42
4.27 162.834
4.28 165.246
4.29 167.631
4.3 169.962
4.31 172.215
4.32 174.366
4.33 176.391
4.34 178.268
4.35 179.976
4.36 181.497
4.37 182.814
4.38 183.913
4.39 184.781
4.4 185.408
4.41 185.787
4.42 185.913
4.43 185.786
4.44 185.404
4.45 184.773
4.46 183.899
4.47 182.79
4.48 181.457
4.49 179.916
4.5 178.183
4.51 176.275
4.52 174.213
4.53 172.019
4.54 169.717
4.55 167.332
4.56 164.889
4.57 162.416
4.58 159.937
4.59 157.482
4.6 155.076
4.61 152.746
4.62 150.517
4.63 148.415
4.64 146.461
4.65 144.678
4.66 143.085
4.67 141.701
4.68 140.54
4.69 139.616
4.7 138.939
4.71 138.518
4.72 138.356
4.73 138.457
4.74 138.819
4.75 139.439
4.76 140.311
4.77 141.425
4.78 142.77
4.79 144.331
4.8 146.091
4.81 148.032
4.82 150.131
4.83 152.367
4.84 154.714
4.85 157.147
4.86 159.64
4.87 162.165
4.88 164.694
4.89 167.199
4.9 169.653
4.91 172.028
4.92 174.299
4.93 176.439
4.94 178.426
4.95 180.237
4.96 181.852
4.97 183.253
4.98 184.424
4.99 185.352
5 186.027
5.01 186.441
5.02 186.589
5.03 186.469
5.04 186.083
5.05 185.434
5.06 184.53
5.07 183.381
5.08 181.999
5.09 180.399
5.1 178.599
5.11 176.619
5.12 174.481
5.13 172.209
5.14 169.827
5.15 167.363
5.16 164.843
5.17 162.296
5.18 159.75
5.19 157.233
5.2 154.773
5.21 152.398
5.22 150.134
5.23 148.006
5.24 146.039
5.25 144.253
5.26 142.669
5.27 141.304
5.28 140.174
5.29 139.291
5.3 138.665
5.31 138.302
5.32 138.207
5.33 138.381
5.34 138.822
5.35 139.523
5.36 140.479
5.37 141.677
5.38 143.104
5.39 144.744
5.4 146.579
5.41 148.588
5.42 150.748
5.43 153.036
5.44 155.425
5.45 157.888
5.46 160.399
5.47 162.929
5.48 165.449
5.49 167.931
5.5 170.349
5.51 172.674
5.52 174.882
5.53 176.946
5.54 178.845
5.55 180.557
5.56 182.064
5.57 183.349
5.58 184.398
5.59 185.199
5.6 185.744
5.61 186.027
5.62 186.045
5.63 185.799
5.64 185.291
5.65 184.529
5.66 183.52
5.67 182.277
5.68 180.813
5.69 179.146
5.7 177.295
5.71 175.28
5.72 173.125
5.73 170.854
5.74 168.493
5.75 166.068
5.76 163.606
5.77 161.136
5.78 158.684
5.79 156.279
5.8 153.947
5.81 151.714
5.82 149.605
5.83 147.644
5.84 145.851
5.85 144.246
5.86 142.848
5.87 141.671
5.88 140.729
5.89 140.03
5.9 139.582
5.91 139.39
5.92 139.455
5.93 139.776
5.94 140.348
5.95 141.164
5.96 142.216
5.97 143.489
5.98 144.97
5.99 146.642
6 148.484
6.01 150.476
6.02 152.596
6.03 154.818
6.04 157.119
6.05 159.471
6.06 161.849
6.07 164.226
6.08 166.575
6.09 168.87
6.1 171.086
6.11 173.197
6.12 175.181
6.13 177.016
6.14 178.682
6.15 180.16
6.16 181.434
6.17 182.492
6.18 183.321
6.19 183.913
6.2 184.263
6.21 184.367
6.22 184.225
6.23 183.839
6.24 183.214
6.25 182.358
6.26 181.282
6.27 179.998
6.28 178.52
6.29 176.867
6.3 175.058
6.31 173.112
6.32 171.053
6.33 168.903
6.34 166.687
6.35 164.43
6.36 162.158
6.37 159.895
6.38 157.668
6.39 155.5
6.4 153.416
6.41 151.439
6.42 149.59
6.43 147.89
6.44 146.358
6.45 145.009
6.46 143.858
6.47 142.918
6.48 142.198
6.49 141.705
6.5 141.444
6.51 141.418
6.52 141.626
6.53 142.064
6.54 142.727
6.55 143.606
6.56 144.692
6.57 145.971
6.58 147.429
6.59 149.048
6.6 150.81
6.61 152.695
6.62 154.681
6.63 156.746
6.64 158.866
6.65 161.018
6.66 163.177
6.67 165.32
6.68 167.422
6.69 169.461
6.7 171.413
6.71 173.257
6.72 174.974
6.73 176.544
6.74 177.95
6.75 179.177
6.76 180.212
6.77 181.045
6.78 181.666
6.79 182.07
6.8 182.253
6.81 182.212
6.82 181.951
6.83 181.471
6.84 180.78
6.85 179.886
6.86 178.799
6.87 177.532
6.88 176.1
6.89 174.519
6.9 172.808
6.91 170.985
6.92 169.073
6.93 167.091
6.94 165.063
6.95 163.012
6.96 160.96
6.97 158.93
6.98 156.944
6.99 155.026
7 153.195
7.01 151.473
7.02 149.877
7.03 148.426
7.04 147.135
7.05 146.018
7.06 145.087
7.07 144.351
7.08 143.819
7.09 143.496
7.1 143.384
7.11 143.485
7.12 143.796
7.13 144.314
7.14 145.032
7.15 145.941
7.16 147.032
7.17 148.29
7.18 149.702
7.19 151.251
7.2 152.921
7.21 154.691
7.22 156.541
7.23 158.452
7.24 160.4
7.25 162.366
7.26 164.325
7.27 166.258
7.28 168.141
7.29 169.954
7.3 171.678
7.31 173.292
7.32 174.78
7.33 176.124
7.34 177.311
7.35 178.327
7.36 179.162
7.37 179.806
7.38 180.252
7.39 180.497
7.4 180.538
7.41 180.375
7.42 180.01
7.43 179.447
7.44 178.695
7.45 177.76
7.46 176.655
7.47 175.392
7.48 173.986
7.49 172.452
7.5 170.808
7.51 169.073
7.52 167.266
7.53 165.408
7.54 163.52
7.55 161.623
7.56 159.738
7.57 157.887
7.58 156.09
7.59 154.367
7.6 152.737
7.61 151.219
7.62 149.83
7.63 148.584
7.64 147.497
7.65 146.578
7.66 145.839
7.67 145.288
7.68 144.93
7.69 144.77
7.7 144.808
7.71 145.044
7.72 145.475
7.73 146.095
7.74 146.898
7.75 147.874
7.76 149.012
7.77 150.299
7.78 151.719
7.79 153.258
7.8 154.897
7.81 156.617
7.82 158.399
7.83 160.224
7.84 162.069
7.85 163.915
7.86 165.741
7.87 167.525
7.88 169.248
7.89 170.89
7.9 172.433
7.91 173.86
7.92 175.155
7.93 176.302
7.94 177.29
7.95 178.107
7.96 178.744
7.97 179.194
7.98 179.453
7.99 179.517
8 179.387
8.01 179.063
8.02 178.549
8.03 177.853
8.04 176.981
8.05 175.943
8.06 174.753
8.07 173.423
8.08 171.968
8.09 170.406
8.1 168.754
8.11 167.031
8.12 165.257
8.13 163.451
8.14 161.635
8.15 159.828
8.16 158.053
8.17 156.328
8.18 154.674
8.19 153.108
8.2 151.65
8.21 150.315
8.22 149.119
8.23 148.075
8.24 147.195
8.25 146.488
8.26 145.963
8.27 145.626
8.28 145.481
8.29 145.528
8.3 145.767
8.31 146.196
8.32 146.809
8.33 147.599
8.34 148.558
8.35 149.674
8.36 150.934
8.37 152.323
8.38 153.827
8.39 155.427
8.4 157.106
8.41 158.843
8.42 160.62
8.43 162.415
8.44 164.208
8.45 165.98
8.46 167.708
8.47 169.375
8.48 170.96
8.49 172.445
8.5 173.814
8.51 175.051
8.52 176.141
8.53 177.073
8.54 177.836
8.55 178.42
8.56 178.82
8.57 179.031
8.58 179.05
8.59 178.878
8.6 178.515
8.61 177.968
8.62 177.241
8.63 176.344
8.64 175.286
8.65 174.08
8.66 172.739
8.67 171.28
8.68 169.719
8.69 168.073
8.7 166.362
8.71 164.606
8.72 162.825
8.73 161.038
8.74 159.267
8.75 157.532
8.76 155.853
8.77 154.249
8.78 152.739
8.79 151.34
8.8 150.068
8.81 148.937
8.82 147.961
8.83 147.151
8.84 146.516
8.85 146.064
8.86 145.799
8.87 145.725
8.88 145.843
8.89 146.15
8.9 146.644
8.91 147.319
8.92 148.167
8.93 149.179
8.94 150.342
8.95 151.643
8.96 153.067
8.97 154.599
8.98 156.22
8.99 157.911
9 159.653
9.01 161.427
9.02 163.211
9.03 164.985
9.04 166.729
9.05 168.423
9.06 170.046
9.07 171.581
9.08 173.01
9.09 174.316
9.1 175.484
9.11 176.501
9.12 177.355
9.13 178.036
9.14 178.536
9.15 178.851
9.16 178.975
9.17 178.907
9.18 178.649
9.19 178.203
9.2 177.575
9.21 176.771
9.22 175.8
9.23 174.675
9.24 173.408
9.25 172.013
9.26 170.507
9.27 168.907
9.28 167.231
9.29 165.498
9.3 163.729
9.31 161.944
9.32 160.164
9.33 158.408
9.34 156.697
9.35 155.051
9.36 153.489
9.37 152.029
9.38 150.687
9.39 149.479
9.4 148.42
9.41 147.52
9.42 146.791
9.43 146.241
9.44 145.876
9.45 145.7
9.46 145.716
9.47 145.924
9.48 146.321
9.49 146.902
9.5 147.661
9.51 148.59
9.52 149.677
9.53 150.91
9.54 152.275
9.55 153.756
9.56 155.337
9.57 156.999
9.58 158.723
9.59 160.489
9.6 162.278
9.61 164.068
9.62 165.839
9.63 167.57
9.64 169.242
9.65 170.836
9.66 172.333
9.67 173.716
9.68 174.969
9.69 176.078
9.7 177.029
9.71 177.813
9.72 178.419
9.73 178.842
9.74 179.075
9.75 179.117
9.76 178.966
9.77 178.625
9.78 178.097
9.79 177.389
9.8 176.507
9.81 175.464
9.82 174.269
9.83 172.937
9.84 171.483
9.85 169.924
9.86 168.278
9.87 166.563
9.88 164.798
9.89 163.005
9.9 161.204
9.91 159.414
9.92 157.658
9.93 155.954
9.94 154.323
9.95 152.783
9.96 151.351
9.97 150.044
9.98 148.878
9.99 147.865
10 147.017
10.01 146.344
10.02 145.853
10.03 145.551
10.04 145.441
10.05 145.523
10.06 145.799
10.07 146.263
10.08 146.912
10.09 147.737
10.1 148.729
10.11 149.878
10.12 151.17
10.13 152.591
10.14 154.123
10.15 155.751
10.16 157.455
10.17 159.216
10.18 161.014
10.19 162.828
10.2 164.639
10.21 166.424
10.22 168.165
10.23 169.84
10.24 171.431
10.25 172.92
10.26 174.29
10.27 175.525
10.28 176.611
10.29 177.535
10.3 178.287
10.31 178.859
10.32 179.243
10.33 179.435
10.34 179.433
10.35 179.236
10.36 178.848
10.37 178.272
10.38 177.514
10.39 176.583
10.4 175.49
10.41 174.247
10.42 172.867
10.43 171.367
10.44 169.764
10.45 168.075
10.46 166.319
10.47 164.517
10.48 162.69
10.49 160.856
10.5 159.038
10.51 157.257
10.52 155.531
10.53 153.882
10.54 152.327
10.55 150.884
10.56 149.571
10.57 148.401
10.58 147.388
10.59 146.544
10.6 145.879
10.61 145.399
10.62 145.112
10.63 145.019
10.64 145.123
10.65 145.422
10.66 145.913
10.67 146.591
10.68 147.448
10.69 148.474
10.7 149.659
10.71 150.988
10.72 152.447
10.73 154.02
10.74 155.689
10.75 157.435
10.76 159.238
10.77 161.078
10.78 162.934
10.79 164.786
10.8 166.612
10.81 168.392
10.82 170.105
10.83 171.733
10.84 173.256
10.85 174.657
10.86 175.921
10.87 177.033
10.88 177.981
10.89 178.753
10.9 179.34
10.91 179.736
10.92 179.937
10.93 179.939
10.94 179.742
10.95 179.35
10.96 178.764
10.97 177.994
10.98 177.045
10.99 175.93
11 174.661
11.01 173.251
11.02 171.717
11.03 170.076
11.04 168.346
11.05 166.546
11.06 164.697
11.07 162.82
11.08 160.935
11.09 159.064
11.1 157.228
11.11 155.448
11.12 153.744
11.13 152.134
11.14 150.639
11.15 149.273
11.16 148.053
11.17 146.993
11.18 146.105
11.19 145.399
11.2 144.883
11.21 144.563
11.22 144.443
11.23 144.525
11.24 144.808
11.25 145.288
11.26 145.961
11.27 146.82
11.28 147.854
11.29 149.053
11.3 150.403
11.31 151.889
11.32 153.494
11.33 155.201
11.34 156.991
11.35 158.843
11.36 160.737
11.37 162.651
11.38 164.564
11.39 166.454
11.4 168.301
11.41 170.083
11.42 171.78
11.43 173.373
11.44 174.844
11.45 176.177
11.46 177.355
11.47 178.366
11.48 179.199
11.49 179.843
11.5 180.291
11.51 180.538
11.52 180.581
11.53 180.42
11.54 180.055
11.55 179.49
11.56 178.733
11.57 177.79
11.58 176.673
11.59 175.393
11.6 173.966
11.61 172.406
11.62 170.732
11.63 168.961
11.64 167.114
11.65 165.212
11.66 163.275
11.67 161.326
11.68 159.385
11.69 157.476
11.7 155.62
11.71 153.837
11.72 152.147
11.73 150.57
11.74 149.124
11.75 147.825
11.76 146.687
11.77 145.724
11.78 144.947
11.79 144.364
11.8 143.982
11.81 143.807
11.82 143.839
11.83 144.08
11.84 144.526
11.85 145.172
11.86 146.012
11.87 147.037
11.88 148.235
11.89 149.593
11.9 151.095
11.91 152.726
11.92 154.466
11.93 156.297
11.94 158.198
11.95 160.148
11.96 162.124
11.97 164.106
11.98 166.07
11.99 167.994
12 169.857
12.01 171.638
12.02 173.317
12.03 174.874
12.04 176.293
12.05 177.556
12.06 178.651
12.07 179.563
12.08 180.284
12.09 180.804
12.1 181.117
12.11 181.22
12.12 181.112
12.13 180.793
12.14 180.267
12.15 179.539
12.16 178.618
12.17 177.513
12.18 176.237
12.19 174.805
12.2 173.23
12.21 171.533
12.22 169.731
12.23 167.844
12.24 165.894
12.25 163.902
12.26 161.891
12.27 159.883
12.28 157.901
12.29 155.968
12.3 154.104
12.31 152.331
12.32 150.668
12.33 149.136
12.34 147.75
12.35 146.527
12.36 145.48
12.37 144.622
12.38 143.962
12.39 143.508
12.4 143.264
12.41 143.235
12.42 143.42
12.43 143.818
12.44 144.423
12.45 145.231
12.46 146.231
12.47 147.413
12.48 148.764
12.49 150.268
12.5 151.908
12.51 153.668
12.52 155.526
12.53 157.462
12.54 159.454
12.55 161.481
12.56 163.519
12.57 165.545
12.58 167.537
12.59 169.473
12.6 171.33
12.61 173.087
12.62 174.726
12.63 176.227
12.64 177.573
12.65 178.75
12.66 179.744
12.67 180.543
12.68 181.139
12.69 181.525
12.7 181.696
12.71 181.65
12.72 181.388
12.73 180.912
12.74 180.228
12.75 179.343
12.76 178.267
12.77 177.012
12.78 175.592
12.79 174.022
12.8 172.321
12.81 170.507
12.82 168.601
12.83 166.623
12.84 164.597
12.85 162.544
12.86 160.488
12.87 158.452
12.88 156.459
12.89 154.53
12.9 152.689
12.91 150.955
12.92 149.347
12.93 147.885
12.94 146.585
12.95 145.46
12.96 144.525
12.97 143.788
12.98 143.26
12.99 142.946
13 142.848
13.01 142.97
13.02 143.309
13.03 143.861
13.04 144.621
13.05 145.58
13.06 146.728
13.07 148.051
13.08 149.535
13.09 151.163
13.1 152.917
13.11 154.777
13.12 156.724
13.13 158.733
13.14 160.785
13.15 162.854
13.16 164.918
13.17 166.955
13.18 168.94
13.19 170.852
13.2 172.67
13.21 174.372
13.22 175.941
13.23 177.357
13.24 178.606
13.25 179.673
13.26 180.546
13.27 181.215
13.28 181.673
13.29 181.915
13.3 181.938
13.31 181.741
13.32 181.328
13.33 180.701
13.34 179.869
13.35 178.84
13.36 177.627
13.37 176.242
13.38 174.701
13.39 173.022
13.4 171.223
13.41 169.324
13.42 167.347
13.43 165.314
13.44 163.247
13.45 161.17
13.46 159.106
13.47 157.079
13.48 155.11
13.49 153.222
13.5 151.436
13.51 149.773
13.52 148.25
13.53 146.885
13.54 145.693
13.55 144.688
13.56 143.881
13.57 143.28
13.58 142.894
13.59 142.725
13.6 142.776
13.61 143.046
13.62 143.533
13.63 144.23
13.64 145.131
13.65 146.224
13.66 147.498
13.67 148.938
13.68 150.529
13.69 152.252
13.7 154.088
13.71 156.017
13.72 158.017
13.73 160.065
13.74 162.139
13.75 164.215
13.76 166.27
13.77 168.281
13.78 170.226
13.79 172.082
13.8 173.83
13.81 175.448
13.82 176.92
13.83 178.229
13.84 179.36
13.85 180.3
13.86 181.039
13.87 181.569
13.88 181.884
13.89 181.98
13.9 181.856
13.91 181.514
13.92 180.957
13.93 180.192
13.94 179.228
13.95 178.074
13.96 176.745
13.97 175.255
13.98 173.62
13.99 171.86
14 169.994
14.01 168.042
14.02 166.027
14.03 163.971
14.04 161.897
14.05 159.829
14.06 157.789
14.07 155.801
14.08 153.887
14.09 152.068
14.1 150.364
14.11 148.795
14.12 147.378
14.13 146.129
14.14 145.062
14.15 144.189
14.16 143.52
14.17 143.061
14.18 142.819
14.19 142.796
14.2 142.991
14.21 143.404
14.22 144.028
14.23 144.858
14.24 145.883
14.25 147.092
14.26 148.473
14.27 150.008
14.28 151.681
14.29 153.473
14.3 155.365
14.31 157.334
14.32 159.359
14.33 161.416
14.34 163.484
14.35 165.539
14.36 167.557
14.37 169.517
14.38 171.396
14.39 173.173
14.4 174.828
14.41 176.344
14.42 177.702
14.43 178.888
14.44 179.888
14.45 180.692
14.46 181.29
14.47 181.676
14.48 181.845
14.49 181.796
14.5 181.529
14.51 181.048
14.52 180.357
14.53 179.465
14.54 178.381
14.55 177.118
14.56 175.69
14.57 174.113
14.58 172.405
14.59 170.585
14.6 168.674
14.61 166.692
14.62 164.662
14.63 162.607
14.64 160.549
14.65 158.513
14.66 156.52
14.67 154.594
14.68 152.755
14.69 151.024
14.7 149.42
14.71 147.962
14.72 146.666
14.73 145.547
14.74 144.615
14.75 143.883
14.76 143.359
14.77 143.047
14.78 142.952
14.79 143.074
14.8 143.412
14.81 143.963
14.82 144.719
14.83 145.673
14.84 146.814
14.85 148.128
14.86 149.602
14.87 151.217
14.88 152.957
14.89 154.802
14.9 156.731
14.91 158.722
14.92 160.754
14.93 162.802
14.94 164.845
14.95 166.859
14.96 168.822
14.97 170.711
14.98 172.506
14.99 174.187
15 175.734
15.01 177.131
15.02 178.362
15.03 179.412
15.04 180.271
15.05 180.929
15.06 181.378
15.07 181.613
15.08 181.633
15.09 181.436
15.1 181.025
15.11 180.405
15.12 179.583
15.13 178.567
15.14 177.371
15.15 176.006
15.16 174.488
15.17 172.835
15.18 171.065
15.19 169.198
15.2 167.255
15.21 165.257
15.22 163.228
15.23 161.19
15.24 159.165
15.25 157.177
15.26 155.248
15.27 153.399
15.28 151.652
15.29 150.026
15.3 148.538
15.31 147.206
15.32 146.045
15.33 145.067
15.34 144.284
15.35 143.704
15.36 143.333
15.37 143.177
15.38 143.235
15.39 143.509
15.4 143.994
15.41 144.684
15.42 145.573
15.43 146.651
15.44 147.904
15.45 149.319
15.46 150.879
15.47 152.569
15.48 154.367
15.49 156.254
15.5 158.21
15.51 160.211
15.52 162.235
15.53 164.26
15.54 166.262
15.55 168.22
15.56 170.112
15.57 171.915
15.58 173.611
15.59 175.179
15.6 176.602
15.61 177.865
15.62 178.953
15.63 179.854
15.64 180.558
15.65 181.057
15.66 181.345
15.67 181.42
15.68 181.281
15.69 180.929
15.7 180.368
15.71 179.605
15.72 178.649
15.73 177.509
15.74 176.2
15.75 174.735
15.76 173.132
15.77 171.408
15.78 169.583
15.79 167.678
15.8 165.713
15.81 163.711
15.82 161.695
15.83 159.687
15.84 157.71
15.85 155.786
15.86 153.937
15.87 152.183
15.88 150.544
15.89 149.038
15.9 147.683
15.91 146.494
15.92 145.483
15.93 144.663
15.94 144.042
15.95 143.628
15.96 143.424
15.97 143.434
15.98 143.656
15.99 144.089
16 144.727
16.01 145.564
16.02 146.589
16.03 147.791
16.04 149.156
16.05 150.67
16.06 152.315
16.07 154.071
16.08 155.921
16.09 157.842
16.1 159.813
16.11 161.813
16.12 163.817
16.13 165.804
16.14 167.752
16.15 169.638
16.16 171.441
16.17 173.141
16.18 174.719
16.19 176.158
16.2 177.44
16.21 178.552
16.22 179.48
16.23 180.216
16.24 180.75
16.25 181.077
16.26 181.193
16.27 181.096
16.28 180.789
16.29 180.273
16.3 179.556
16.31 178.646
16.32 177.552
16.33 176.288
16.34 174.867
16.35 173.306
16.36 171.621
16.37 169.833
16.38 167.962
16.39 166.028
16.4 164.053
16.41 162.06
16.42 160.071
16.43 158.108
16.44 156.195
16.45 154.351
16.46 152.598
16.47 150.956
16.48 149.443
16.49 148.076
16.5 146.871
16.51 145.84
16.52 144.996
16.53 144.349
16.54 143.904
16.55 143.668
16.56 143.642
16.57 143.828
16.58 144.222
16.59 144.821
16.6 145.617
16.61 146.601
16.62 147.763
16.63 149.089
16.64 150.564
16.65 152.172
16.66 153.894
16.67 155.71
16.68 157.601
16.69 159.545
16.7 161.519
16.71 163.503
16.72 165.473
16.73 167.406
16.74 169.283
16.75 171.08
16.76 172.778
16.77 174.358
16.78 175.802
16.79 177.094
16.8 178.219
16.81 179.165
16.82 179.921
16.83 180.478
16.84 180.83
16.85 180.974
16.86 180.908
16.87 180.633
16.88 180.151
16.89 179.469
16.9 178.594
16.91 177.536
16.92 176.306
16.93 174.92
16.94 173.393
16.95 171.742
16.96 169.985
16.97 168.142
16.98 166.235
16.99 164.285
17 162.314
17.01 160.344
17.02 158.397
17.03 156.495
17.04 154.661
17.05 152.913
17.06 151.273
17.07 149.759
17.08 148.387
17.09 147.173
17.1 146.131
17.11 145.272
17.12 144.607
17.13 144.142
17.14 143.883
17.15 143.832
17.16 143.991
17.17 144.357
17.18 144.926
17.19 145.691
17.2 146.645
17.21 147.775
17.22 149.07
17.23 150.514
17.24 152.092
17.25 153.784
17.26 155.574
17.27 157.439
17.28 159.359
17.29 161.312
17.3 163.277
17.31 165.231
17.32 167.151
17.33 169.017
17.34 170.807
17.35 172.501
17.36 174.081
17.37 175.527
17.38 176.824
17.39 177.957
17.4 178.914
17.41 179.684
17.42 180.258
17.43 180.629
17.44 180.794
17.45 180.751
17.46 180.5
17.47 180.044
17.48 179.389
17.49 178.541
17.5 177.511
17.51 176.31
17.52 174.952
17.53 173.451
17.54 171.826
17.55 170.094
17.56 168.276
17.57 166.39
17.58 164.46
17.59 162.507
17.6 160.552
17.61 158.618
17.62 156.726
17.63 154.899
17.64 153.156
17.65 151.517
17.66 150.002
17.67 148.626
17.68 147.405
17.69 146.353
17.7 145.483
17.71 144.803
17.72 144.322
17.73 144.044
17.74 143.973
17.75 144.11
17.76 144.452
17.77 144.997
17.78 145.738
17.79 146.666
17.8 147.772
17.81 149.041
17.82 150.461
17.83 152.015
17.84 153.686
17.85 155.454
17.86 157.3
17.87 159.202
17.88 161.14
17.89 163.091
17.9 165.034
17.91 166.945
17.92 168.805
17.93 170.592
17.94 172.285
17.95 173.866
17.96 175.317
17.97 176.621
17.98 177.763
17.99 178.732
18 179.515
18.01 180.105
18.02 180.494
18.03 180.678
18.04 180.655
18.05 180.425
18.06 179.992
18.07 179.359
18.08 178.534
18.09 177.527
18.1 176.348
18.11 175.011
18.12 173.532
18.13 171.927
18.14 170.213
18.15 168.411
18.16 166.541
18.17 164.624
18.18 162.681
18.19 160.735
18.2 158.807
18.21 156.92
18.22 155.094
18.23 153.35
18.24 151.708
18.25 150.187
18.26 148.803
18.27 147.572
18.28 146.508
18.29 145.623
18.3 144.927
18.31 144.428
18.32 144.132
18.33 144.041
18.34 144.158
18.35 144.479
18.36 145.003
18.37 145.722
18.38 146.63
18.39 147.714
18.4 148.965
18.41 150.366
18.42 151.903
18.43 153.557
18.44 155.311
18.45 157.144
18.46 159.037
18.47 160.966
18.48 162.911
18.49 164.85
18.5 166.761
18.51 168.622
18.52 170.412
18.53 172.111
18.54 173.7
18.55 175.16
18.56 176.476
18.57 177.633
18.58 178.617
18.59 179.418
18.6 180.025
18.61 180.434
18.62 180.638
18.63 180.635
18.64 180.427
18.65 180.014
18.66 179.401
18.67 178.597
18.68 177.608
18.69 176.448
18.7 175.128
18.71 173.664
18.72 172.073
18.73 170.371
18.74 168.579
18.75 166.717
18.76 164.805
18.77 162.866
18.78 160.921
18.79 158.992
18.8 157.1
18.81 155.268
18.82 153.516
18.83 151.864
18.84 150.33
18.85 148.931
18.86 147.685
18.87 146.603
18.88 145.7
18.89 144.984
18.9 144.465
18.91 144.147
18.92 144.035
18.93 144.13
18.94 144.431
18.95 144.934
18.96 145.634
18.97 146.522
18.98 147.59
18.99 148.824
19 150.211
19.01 151.735
19.02 153.379
19.03 155.125
19.04 156.953
19.05 158.841
19.06 160.77
19.07 162.716
19.08 164.659
19.09 166.576
19.1 168.445
19.11 170.246
19.12 171.958
19.13 173.562
19.14 175.039
19.15 176.373
19.16 177.55
19.17 178.555
19.18 179.377
19.19 180.007
19.2 180.438
19.21 180.664
19.22 180.685
19.23 180.498
19.24 180.106
19.25 179.514
19.26 178.729
19.27 177.758
19.28 176.613
19.29 175.308
19.3 173.855
19.31 172.273
19.32 170.579
19.33 168.792
19.34 166.932
19.35 165.019
19.36 163.077
19.37 161.126
19.38 159.189
19.39 157.287
19.4 155.442
19.41 153.675
19.42 152.005
19.43 150.452
19.44 149.034
19.45 147.765
19.46 146.661
19.47 145.733
19.48 144.993
19.49 144.449
19.5 144.107
19.51 143.971
19.52 144.042
19.53 144.32
19.54 144.802
19.55 145.481
19.56 146.351
19.57 147.402
19.58 148.622
19.59 149.997
19.6 151.511
19.61 153.149
19.62 154.89
19.63 156.716
19.64 158.606
19.65 160.538
19.66 162.491
19.67 164.443
19.68 166.372
19.69 168.256
19.7 170.073
19.71 171.804
19.72 173.429
19.73 174.928
19.74 176.287
19.75 177.488
19.76 178.519
19.77 179.367
19.78 180.024
19.79 180.482
19.8 180.735
19.81 180.781
19.82 180.619
19.83 180.251
19.84 179.681
19.85 178.915
19.86 177.962
19.87 176.834
19.88 175.541
19.89 174.1
19.9 172.526
19.91 170.837
19.92 169.052
19.93 167.191
19.94 165.275
19.95 163.326
19.96 161.365
19.97 159.416
19.98 157.499
19.99 155.636
20 153.849
20.01 152.158
20.02 150.581
20.03 149.137
20.04 147.841
20.05 146.709
20.06 145.753
20.07 144.985
20.08 144.412
20.09 144.041
20.1 143.877
20.11 143.921
20.12 144.173
20.13 144.63
20.14 145.287
20.15 146.137
20.16 147.169
20.17 148.374
20.18 149.736
20.19 151.24
20.2 152.87
20.21 154.608
20.22 156.433
20.23 158.325
20.24 160.263
20.25 162.226
20.26 164.189
20.27 166.133
20.28 168.034
20.29 169.872
20.3 171.625
20.31 173.274
20.32 174.8
20.33 176.187
20.34 177.417
20.35 178.478
20.36 179.358
20.37 180.045
20.38 180.534
20.39 180.818
20.4 180.893
20.41 180.76
20.42 180.419
20.43 179.874
20.44 179.132
20.45 178.201
20.46 177.09
20.47 175.814
20.48 174.385
20.49 172.821
20.5 171.138
20.51 169.356
20.52 167.494
20.53 165.575
20.54 163.619
20.55 161.648
20.56 159.684
20.57 157.751
20.58 155.869
20.59 154.06
20.6 152.343
20.61 150.74
20.62 149.267
20.63 147.941
20.64 146.778
20.65 145.789
20.66 144.988
20.67 144.382
20.68 143.978
20.69 143.781
20.7 143.794
20.71 144.016
20.72 144.444
20.73 145.075
20.74 145.9
20.75 146.911
20.76 148.096
20.77 149.442
20.78 150.934
20.79 152.554
20.8 154.286
20.81 156.108
20.82 158.001
20.83 159.944
20.84 161.914
20.85 163.89
20.86 165.848
20.87 167.768
20.88 169.627
20.89 171.404
20.9 173.079
20.91 174.634
20.92 176.051
20.93 177.314
20.94 178.409
20.95 179.323
20.96 180.046
20.97 180.569
20.98 180.888
20.99 180.998
21 180.898
21.01 180.588
21.02 180.074
21.03 179.36
21.04 178.454
21.05 177.366
21.06 176.11
21.07 174.698
21.08 173.147
21.09 171.474
21.1 169.698
21.11 167.839
21.12 165.918
21.13 163.957
21.14 161.977
21.15 160.001
21.16 158.052
21.17 156.15
21.18 154.318
21.19 152.577
21.2 150.945
21.21 149.441
21.22 148.083
21.23 146.885
21.24 145.861
21.25 145.023
21.26 144.38
21.27 143.939
21.28 143.706
21.29 143.682
21.3 143.869
21.31 144.264
21.32 144.863
21.33 145.659
21.34 146.643
21.35 147.804
21.36 149.129
21.37 150.603
21.38 152.21
21.39 153.931
21.4 155.747
21.41 157.638
21.42 159.583
21.43 161.558
21.44 163.543
21.45 165.515
21.46 167.452
21.47 169.332
21.48 171.133
21.49 172.835
21.5 174.42
21.51 175.869
21.52 177.167
21.53 178.297
21.54 179.249
21.55 180.01
21.56 180.572
21.57 180.93
21.58 181.078
21.59 181.016
21.6 180.743
21.61 180.264
21.62 179.583
21.63 178.707
21.64 177.648
21.65 176.416
21.66 175.026
21.67 173.493
21.68 171.834
21.69 170.069
21.7 168.216
21.71 166.298
21.72 164.334
21.73 162.348
21.74 160.362
21.75 158.398
21.76 156.479
21.77 154.625
21.78 152.858
21.79 151.198
21.8 149.663
21.81 148.271
21.82 147.037
21.83 145.976
21.84 145.099
21.85 144.416
21.86 143.934
21.87 143.66
21.88 143.597
21.89 143.744
21.9 144.102
21.91 144.664
21.92 145.426
21.93 146.378
21.94 147.51
21.95 148.81
21.96 150.262
21.97 151.85
21.98 153.557
21.99 155.363
22 157.247
22.01 159.19
22.02 161.168
22.03 163.16
22.04 165.143
22.05 167.094
22.06 168.993
22.07 170.817
22.08 172.546
22.09 174.16
22.1 175.642
22.11 176.974
22.12 178.142
22.13 179.132
22.14 179.934
22.15 180.537
22.16 180.937
22.17 181.127
22.18 181.106
22.19 180.874
22.2 180.433
22.21 179.789
22.22 178.949
22.23 177.922
22.24 176.719
22.25 175.355
22.26 173.844
22.27 172.205
22.28 170.454
22.29 168.611
22.3 166.699
22.31 164.737
22.32 162.748
22.33 160.755
22.34 158.779
22.35 156.844
22.36 154.971
22.37 153.18
22.38 151.493
22.39 149.928
22.4 148.502
22.41 147.232
22.42 146.133
22.43 145.215
22.44 144.491
22.45 143.968
22.46 143.651
22.47 143.545
22.48 143.651
22.49 143.967
22.5 144.49
22.51 145.214
22.52 146.131
22.53 147.23
22.54 148.5
22.55 149.926
22.56 151.491
22.57 153.179
22.58 154.971
22.59 156.845
22.6 158.782
22.61 160.759
22.62 162.754
22.63 164.744
22.64 166.708
22.65 168.623
22.66 170.467
22.67 172.221
22.68 173.863
22.69 175.376
22.7 176.742
22.71 177.947
22.72 178.976
22.73 179.818
22.74 180.464
22.75 180.906
22.76 181.139
22.77 181.161
22.78 180.972
22.79 180.572
22.8 179.968
22.81 179.166
22.82 178.174
22.83 177.005
22.84 175.67
22.85 174.186
22.86 172.569
22.87 170.836
22.88 169.008
22.89 167.105
22.9 165.149
22.91 163.161
22.92 161.164
22.93 159.18
22.94 157.232
22.95 155.342
22.96 153.53
22.97 151.818
22.98 150.224
22.99 148.767
23 147.462
23.01 146.325
23.02 145.369
23.03 144.603
23.04 144.038
23.05 143.678
23.06 143.529
23.07 143.591
23.08 143.865
23.09 144.346
23.1 145.03
23.11 145.91
23.12 146.974
23.13 148.211
23.14 149.608
23.15 151.147
23.16 152.814
23.17 154.587
23.18 156.448
23.19 158.375
23.2 160.347
23.21 162.342
23.22 164.337
23.23 166.309
23.24 168.237
23.25 170.099
23.26 171.874
23.27 173.542
23.28 175.083
23.29 176.482
23.3 177.721
23.31 178.788
23.32 179.67
23.33 180.357
23.34 180.841
23.35 181.117
23.36 181.182
23.37 181.035
23.38 180.678
23.39 180.115
23.4 179.352
23.41 178.398
23.42 177.263
23.43 175.96
23.44 174.504
23.45 172.912
23.46 171.201
23.47 169.39
23.48 167.5
23.49 165.552
23.5 163.569
23.51 161.571
23.52 159.583
23.53 157.625
23.54 155.721
23.55 153.892
23.56 152.158
23.57 150.539
23.58 149.052
23.59 147.716
23.6 146.544
23.61 145.55
23.62 144.746
23.63 144.139
23.64 143.738
23.65 143.546
23.66 143.565
23.67 143.797
23.68 144.237
23.69 144.881
23.7 145.721
23.71 146.749
23.72 147.953
23.73 149.318
23.74 150.83
23.75 152.472
23.76 154.225
23.77 156.07
23.78 157.985
23.79 159.949
23.8 161.94
23.81 163.936
23.82 165.914
23.83 167.852
23.84 169.728
23.85 171.521
23.86 173.21
23.87 174.778
23.88 176.205
23.89 177.477
23.9 178.578
23.91 179.497
23.92 180.222
23.93 180.747
23.94 181.064
23.95 181.171
23.96 181.066
23.97 180.751
23.98 180.228
23.99 179.504
24 178.588
24.01 177.488
24.02 176.218
24.03 174.793
24.04 173.227
24.05 171.539
24.06 169.748
24.07 167.873
24.08 165.937
24.09 163.96
24.1 161.965
24.11 159.975
24.12 158.012
24.13 156.098
24.14 154.254
24.15 152.502
24.16 150.86
24.17 149.348
24.18 147.983
24.19 146.779
24.2 145.751
24.21 144.909
24.22 144.265
24.23 143.823
24.24 143.591
24.25 143.57
24.26 143.76
24.27 144.159
24.28 144.764
24.29 145.566
24.3 146.557
24.31 147.726
24.32 149.06
24.33 150.543
24.34 152.16
24.35 153.89
24.36 155.716
24.37 157.617
24.38 159.571
24.39 161.556
24.4 163.55
24.41 165.53
24.42 167.475
24.43 169.361
24.44 171.169
24.45 172.877
24.46 174.467
24.47 175.92
24.48 177.221
24.49 178.354
24.5 179.307
24.51 180.069
24.52 180.631
24.53 180.988
24.54 181.134
24.55 181.07
24.56 180.794
24.57 180.311
24.58 179.626
24.59 178.747
24.6 177.683
24.61 176.446
24.62 175.051
24.63 173.513
24.64 171.85
24.65 170.079
24.66 168.222
24.67 166.299
24.68 164.332
24.69 162.343
24.7 160.353
24.71 158.387
24.72 156.465
24.73 154.61
24.74 152.842
24.75 151.181
24.76 149.647
24.77 148.255
24.78 147.023
24.79 145.963
24.8 145.088
24.81 144.407
24.82 143.928
24.83 143.657
24.84 143.597
24.85 143.747
24.86 144.108
24.87 144.673
24.88 145.438
24.89 146.393
24.9 147.528
24.91 148.83
24.92 150.284
24.93 151.874
24.94 153.581
24.95 155.388
24.96 157.272
24.97 159.214
24.98 161.191
24.99 163.181
25 165.161
25.01 167.11
25.02 169.005
25.03 170.825
25.04 172.549
25.05 174.159
25.06 175.635
25.07 176.962
25.08 178.124
25.09 179.108
25.1 179.904
25.11 180.502
25.12 180.896
25.13 181.08
25.14 181.054
25.15 180.818
25.16 180.373
25.17 179.725
25.18 178.882
25.19 177.853
25.2 176.649
25.21 175.285
25.22 173.775
25.23 172.136
25.24 170.387
25.25 168.548
25.26 166.64
25.27 164.683
25.28 162.7
25.29 160.714
25.3 158.746
25.31 156.819
25.32 154.954
25.33 153.173
25.34 151.496
25.35 149.941
25.36 148.525
25.37 147.266
25.38 146.177
25.39 145.27
25.4 144.555
25.41 144.041
25.42 143.734
25.43 143.636
25.44 143.749
25.45 144.071
25.46 144.6
25.47 145.328
25.48 146.248
25.49 147.35
25.5 148.62
25.51 150.045
25.52 151.608
25.53 153.293
25.54 155.079
25.55 156.947
25.56 158.876
25.57 160.844
25.58 162.829
25.59 164.809
25.6 166.76
25.61 168.662
25.62 170.492
25.63 172.231
25.64 173.859
25.65 175.356
25.66 176.708
25.67 177.897
25.68 178.911
25.69 179.739
25.7 180.371
25.71 180.799
25.72 181.02
25.73 181.031
25.74 180.831
25.75 180.423
25.76 179.812
25.77 179.004
25.78 178.009
25.79 176.837
25.8 175.502
25.81 174.019
25.82 172.405
25.83 170.678
25.84 168.857
25.85 166.963
25.86 165.017
25.87 163.042
25.88 161.059
25.89 159.09
25.9 157.158
25.91 155.285
25.92 153.492
25.93 151.799
25.94 150.225
25.95 148.787
25.96 147.503
25.97 146.386
25.98 145.449
25.99 144.702
26 144.154
26.01 143.812
26.02 143.678
26.03 143.755
26.04 144.041
26.05 144.534
26.06 145.227
26.07 146.113
26.08 147.182
26.09 148.422
26.1 149.819
26.11 151.357
26.12 153.019
26.13 154.786
26.14 156.638
26.15 158.555
26.16 160.514
26.17 162.494
26.18 164.472
26.19 166.426
26.2 168.334
26.21 170.175
26.22 171.927
26.23 173.572
26.24 175.09
26.25 176.464
26.26 177.679
26.27 178.722
26.28 179.58
26.29 180.244
26.3 180.707
26.31 180.962
26.32 181.008
26.33 180.844
26.34 180.472
26.35 179.895
26.36 179.121
26.37 178.158
26.38 177.017
26.39 175.71
26.4 174.254
26.41 172.663
26.42 170.956
26.43 169.153
26.44 167.273
26.45 165.337
26.46 163.368
26.47 161.388
26.48 159.419
26.49 157.482
26.5 155.601
26.51 153.796
26.52 152.088
26.53 150.495
26.54 149.036
26.55 147.727
26.56 146.583
26.57 145.617
26.58 144.84
26.59 144.259
26.6 143.883
26.61 143.715
26.62 143.757
26.63 144.009
26.64 144.467
26.65 145.127
26.66 145.98
26.67 147.019
26.68 148.23
26.69 149.6
26.7 151.114
26.71 152.755
26.72 154.503
26.73 156.34
26.74 158.245
26.75 160.196
26.76 162.171
26.77 164.148
26.78 166.105
26.79 168.02
26.8 169.871
26.81 171.637
26.82 173.298
26.83 174.836
26.84 176.233
26.85 177.474
26.86 178.544
26.87 179.432
26.88 180.128
26.89 180.623
26.9 180.912
26.91 180.992
26.92 180.862
26.93 180.524
26.94 179.98
26.95 179.239
26.96 178.307
26.97 177.195
26.98 175.916
26.99 174.484
27 172.915
27.01 171.228
27.02 169.441
27.03 167.573
27.04 165.647
27.05 163.684
27.06 161.707
27.07 159.736
27.08 157.795
27.09 155.905
27.1 154.088
27.11 152.365
27.12 150.754
27.13 149.273
27.14 147.941
27.15 146.77
27.16 145.775
27.17 144.968
27.18 144.356
27.19 143.947
27.2 143.745
27.21 143.753
27.22 143.971
27.23 144.396
27.24 145.023
27.25 145.846
27.26 146.855
27.27 148.038
27.28 149.383
27.29 150.873
27.3 152.494
27.31 154.225
27.32 156.048
27.33 157.942
27.34 159.885
27.35 161.857
27.36 163.834
27.37 165.794
27.38 167.716
27.39 169.577
27.4 171.356
27.41 173.034
27.42 174.592
27.43 176.012
27.44 177.278
27.45 178.376
27.46 179.293
27.47 180.019
27.48 180.546
27.49 180.868
27.5 180.982
27.51 180.885
27.52 180.58
27.53 180.069
27.54 179.359
27.55 178.457
27.56 177.374
27.57 176.121
27.58 174.713
27.59 173.166
27.6 171.497
27.61 169.725
27.62 167.87
27.63 165.953
27.64 163.995
27.65 162.019
27.66 160.047
27.67 158.1
27.68 156.202
27.69 154.373
27.7 152.634
27.71 151.004
27.72 149.503
27.73 148.146
27.74 146.949
27.75 145.926
27.76 145.089
27.77 144.445
27.78 144.004
27.79 143.769
27.8 143.744
27.81 143.929
27.82 144.321
27.83 144.917
27.84 145.709
27.85 146.689
27.86 147.845
27.87 149.165
27.88 150.633
27.89 152.233
27.9 153.948
27.91 155.757
27.92 157.641
27.93 159.578
27.94 161.546
27.95 163.523
27.96 165.487
27.97 167.416
27.98 169.288
27.99 171.081
28 172.776
28.01 174.354
28.02 175.797
28.03 177.088
28.04 178.213
28.05 179.159
28.06 179.916
28.07 180.475
28.08 180.83
28.09 180.976
28.1 180.913
28.11 180.641
28.12 180.162
28.13 179.483
28.14 178.611
28.15 177.555
28.16 176.329
28.17 174.944
28.18 173.418
28.19 171.767
28.2 170.01
28.21 168.167
28.22 166.258
28.23 164.306
28.24 162.331
28.25 160.357
28.26 158.405
28.27 156.497
28.28 154.656
28.29 152.901
28.3 151.253
28.31 149.73
28.32 148.349
28.33 147.126
28.34 146.074
28.35 145.206
28.36 144.532
28.37 144.058
28.38 143.79
28.39 143.732
28.4 143.883
28.41 144.243
28.42 144.806
28.43 145.568
28.44 146.518
28.45 147.648
28.46 148.942
28.47 150.389
28.48 151.969
28.49 153.667
28.5 155.463
28.51 157.337
28.52 159.267
28.53 161.232
28.54 163.21
28.55 165.178
28.56 167.114
28.57 168.997
28.58 170.804
28.59 172.517
28.6 174.115
28.61 175.581
28.62 176.897
28.63 178.05
28.64 179.026
28.65 179.814
28.66 180.406
28.67 180.794
28.68 180.974
28.69 180.944
28.7 180.705
28.71 180.259
28.72 179.612
28.73 178.769
28.74 177.742
28.75 176.542
28.76 175.181
28.77 173.676
28.78 172.044
28.79 170.302
28.8 168.47
28.81 166.57
28.82 164.622
28.83 162.649
28.84 160.672
28.85 158.714
28.86 156.797
28.87 154.943
28.88 153.172
28.89 151.504
28.9 149.959
28.91 148.554
28.92 147.303
28.93 146.223
28.94 145.324
28.95 144.617
28.96 144.11
28.97 143.809
28.98 143.716
28.99 143.834
29 144.16
29.01 144.691
29.02 145.421
29.03 146.342
29.04 147.444
29.05 148.714
29.06 150.137
29.07 151.698
29.08 153.379
29.09 155.161
29.1 157.025
29.11 158.948
29.12 160.91
29.13 162.888
29.14 164.861
29.15 166.805
29.16 168.699
29.17 170.521
29.18 172.252
29.19 173.871
29.2 175.361
29.21 176.704
29.22 177.885
29.23 178.891
29.24 179.711
29.25 180.336
29.26 180.758
29.27 180.972
29.28 180.977
29.29 180.772
29.3 180.36
29.31 179.744
29.32 178.933
29.33 177.935
29.34 176.761
29.35 175.425
29.36 173.942
29.37 172.328
29.38 170.602
29.39 168.782
29.4 166.89
29.41 164.947
29.42 162.975
29.43 160.996
29.44 159.032
29.45 157.105
29.46 155.238
29.47 153.45
29.48 151.763
29.49 150.195
29.5 148.764
29.51 147.486
29.52 146.376
29.53 145.445
29.54 144.705
29.55 144.164
29.56 143.828
29.57 143.701
29.58 143.784
29.59 144.075
29.6 144.573
29.61 145.272
29.62 146.162
29.63 147.236
29.64 148.479
29.65 149.879
29.66 151.42
29.67 153.083
29.68 154.852
29.69 156.704
29.7 158.621
29.71 160.58
29.72 162.558
29.73 164.535
29.74 166.487
29.75 168.392
29.76 170.23
29.77 171.979
29.78 173.619
29.79 175.133
29.8 176.503
29.81 177.713
29.82 178.751
29.83 179.603
29.84 180.262
29.85 180.719
29.86 180.968
29.87 181.009
29.88 180.839
29.89 180.46
29.9 179.878
29.91 179.099
29.92 178.13
29.93 176.984
29.94 175.673
29.95 174.212
29.96 172.618
29.97 170.907
29.98 169.101
29.99 167.218
30 165.28
