1.403
2.427
2.474
2.725
3.197
3.249
3.197
3.266
3.197
3.272
3.197
3.266
3.197
3.249
2.6105
2.0295
1.285
1.357
2.006
1.398
0.49
0.175
0.368
1.105
2.811
1.382
3.157
3.299
3.785
3.837
3.785
3.854
3.785
3.86
3.785
3.854
3.785
3.837
1.829
0.7115
1.7355
1.22
2.346
2.836
3.88
3.785
3.837
3.785
3.854
3.785
3.86
3.785
3.854
3.785
3.837
3.1535
1.3435
1.724
2.3385
1.8595
1.047
0.49
0.21
0.413
1.7125
2.1405
1.638
2.725
3.197
3.249
3.197
3.266
3.197
3.272
3.197
3.266
3.197
3.249
3.197
2.6735
2.0795
1.088
0.249
0.362
0.391
0.401
0.391
0.362
0.249
0.249
0.362
0.391
0.401
0.391
0.362
0.249