2.099770259638080283e+00 2.396834390668200285e+02 9.570957700054935069e-01
2.130381966955153317e+01 1.855168876739606389e+02 9.048251236037355705e-01
2.097958457907159513e+00 1.484002635741547920e+02 9.570957700054935069e-01
2.097958457907159513e+00 1.484002635741547920e+02 9.570957700054935069e-01
2.097958457907159513e+00 1.484003231776145810e+02 9.880351583958981720e-01
2.073546813532651356e+00 1.484003231776145810e+02 9.919025819446988246e-01
1.774504169944925325e+00 1.263130094805967332e+02 9.416260758102911188e-01
2.097958457907159513e+00 1.263138439290337658e+02 9.570957700054935069e-01
2.097958457907159513e+00 1.260697081577429941e+02 9.643471891594945777e-01
2.089090165224232631e+00 1.263130094805967332e+02 9.735323200878959193e-01
2.097958457907159513e+00 1.261002251291543388e+02 9.735323200878959193e-01
2.085752635719905435e+00 1.261002251291543388e+02 9.736531770737960612e-01
1.698503855232100568e+00 1.263443609004451105e+02 9.736531770737960612e-01
5.386646734854444452e-01 1.260688737093059615e+02 9.421095037538912420e-01
5.386646734854444452e-01 1.260688737093059615e+02 9.421095037538912420e-01
5.386646734854444452e-01 1.260688737093059615e+02 9.697857535249954086e-01
5.282706530291109148e-01 1.263433476416287107e+02 9.736531770737960612e-01
5.286520849724626325e-01 1.263433476416287107e+02 9.736531770737960612e-01
5.343735641227380651e-01 1.263139631359533297e+02 9.731697491301959380e-01
5.388553894571203040e-01 1.251075891098486466e+02 9.693023255813953964e-01
